0.000000e+00 -2.000000e-01 5.500000e-01 0.000000e+00 0.000000e+00 0.000000e+00 0.000000e+00 1.077291e+00 0.000000e+00 0.000000e+00 0.000000e+00 0.000000e+00 0.000000e+00 
1.000000e-02 -1.894589e-01 5.498845e-01 -4.254933e-05 2.562121e-05 -1.175725e-04 6.145030e-05 1.031709e+00 -1.239201e-02 -7.133388e-03 4.625212e-03 -1.636978e-02 9.050540e-03 
2.000000e-02 -1.793669e-01 5.497640e-01 -1.175612e-04 7.706515e-05 -2.772449e-04 1.712868e-04 9.858706e-01 -1.156277e-02 -7.419915e-03 5.375386e-03 -1.497338e-02 1.294256e-02 
3.000000e-02 -1.697625e-01 5.496537e-01 -1.875424e-04 1.293352e-04 -4.145473e-04 3.193550e-04 9.341200e-01 -1.056092e-02 -6.568053e-03 5.017076e-03 -1.262747e-02 1.646925e-02 
4.000000e-02 -1.606847e-01 5.495498e-01 -2.509496e-04 1.792064e-04 -5.351769e-04 4.928132e-04 8.825747e-01 -1.040240e-02 -6.296408e-03 5.142586e-03 -1.182925e-02 1.768556e-02 
5.000000e-02 -1.520652e-01 5.494426e-01 -3.176019e-04 2.356888e-04 -6.576167e-04 6.617317e-04 8.444419e-01 -1.114888e-02 -7.209450e-03 6.265327e-03 -1.293564e-02 1.560124e-02 
6.000000e-02 -1.437288e-01 5.493260e-01 -3.969012e-04 3.049083e-04 -7.974755e-04 7.984685e-04 8.260879e-01 -1.215891e-02 -8.649694e-03 7.514330e-03 -1.510641e-02 1.161833e-02 
7.000000e-02 -1.354884e-01 5.492003e-01 -4.894763e-04 3.833668e-04 -9.593168e-04 8.946412e-04 8.240770e-01 -1.292002e-02 -9.779990e-03 7.979258e-03 -1.717218e-02 7.772936e-03 
8.000000e-02 -1.272275e-01 5.490692e-01 -5.909139e-04 4.582525e-04 -1.138545e-03 9.593678e-04 8.276477e-01 -1.320234e-02 -1.044551e-02 6.528036e-03 -1.855123e-02 5.538835e-03 
9.000000e-02 -1.189772e-01 5.489377e-01 -6.978382e-04 5.058811e-04 -1.328592e-03 1.009626e-03 8.197167e-01 -1.308118e-02 -1.094223e-02 3.077659e-03 -1.939098e-02 4.443383e-03 
1.000000e-01 -1.108624e-01 5.488069e-01 -8.095377e-04 5.275214e-04 -1.525274e-03 1.048391e-03 8.028826e-01 -1.309778e-02 -1.137457e-02 1.511919e-03 -1.991482e-02 3.412513e-03 
1.100000e-01 -1.029194e-01 5.486758e-01 -9.248833e-04 5.381273e-04 -1.726350e-03 1.079286e-03 7.858603e-01 -1.312870e-02 -1.167384e-02 6.389652e-04 -2.027270e-02 2.804578e-03 
1.200000e-01 -9.514134e-02 5.485445e-01 -1.042637e-03 5.405256e-04 -1.930189e-03 1.104923e-03 7.699680e-01 -1.311240e-02 -1.185949e-02 -1.551810e-04 -2.046937e-02 2.336936e-03 
1.300000e-01 -8.751575e-02 5.484137e-01 -1.161765e-03 5.350331e-04 -2.135272e-03 1.126198e-03 7.553686e-01 -1.305268e-02 -1.195183e-02 -9.441351e-04 -2.052523e-02 1.924143e-03 
1.400000e-01 -8.002950e-02 5.482836e-01 -1.281416e-03 5.215969e-04 -2.340288e-03 1.143463e-03 7.421047e-01 -1.295468e-02 -1.196543e-02 -1.745359e-03 -2.045747e-02 1.531994e-03 
1.500000e-01 -7.266914e-02 5.481547e-01 -1.400838e-03 5.000498e-04 -2.544034e-03 1.156822e-03 7.301916e-01 -1.281949e-02 -1.190701e-02 -2.567603e-03 -2.027222e-02 1.139378e-03 
1.600000e-01 -6.542117e-02 5.480273e-01 -1.519313e-03 4.701710e-04 -2.745321e-03 1.166205e-03 7.196290e-01 -1.264464e-02 -1.177577e-02 -3.411934e-03 -1.996459e-02 7.346427e-04 
1.700000e-01 -5.827211e-02 5.479019e-01 -1.636081e-03 4.317580e-04 -2.942858e-03 1.171452e-03 7.104074e-01 -1.242501e-02 -1.156551e-02 -4.274314e-03 -1.952186e-02 3.120892e-04 
1.800000e-01 -5.120863e-02 5.477790e-01 -1.750310e-03 3.846777e-04 -3.135216e-03 1.172389e-03 7.025118e-01 -1.215418e-02 -1.126708e-02 -5.144676e-03 -1.892702e-02 -1.277281e-04 
1.900000e-01 -4.421756e-02 5.476591e-01 -1.861070e-03 3.289334e-04 -3.320788e-03 1.168885e-03 6.959232e-01 -1.182560e-02 -1.086983e-02 -6.005223e-03 -1.816131e-02 -5.760261e-04 
2.000000e-01 -3.728590e-02 5.475427e-01 -1.967329e-03 2.647433e-04 -3.497788e-03 1.160939e-03 6.906239e-01 -1.143456e-02 -1.036487e-02 -6.830516e-03 -1.720925e-02 -1.014488e-03 
2.100000e-01 -3.040084e-02 5.474306e-01 -2.067991e-03 1.926088e-04 -3.664318e-03 1.148776e-03 6.866028e-01 -1.098025e-02 -9.748959e-03 -7.589365e-03 -1.606446e-02 -1.416147e-03 
2.200000e-01 -2.354962e-02 5.473233e-01 -2.161972e-03 1.133454e-04 -3.818481e-03 1.132887e-03 6.838522e-01 -1.046753e-02 -9.028605e-03 -8.249562e-03 -1.473553e-02 -1.753600e-03 
2.300000e-01 -1.671964e-02 5.472214e-01 -2.248304e-03 2.805793e-05 -3.958547e-03 1.113964e-03 6.823519e-01 -9.908786e-03 -8.223878e-03 -8.785248e-03 -1.325203e-02 -2.017552e-03 
2.400000e-01 -9.898619e-03 5.471252e-01 -2.326309e-03 -6.189699e-05 -4.083215e-03 1.092663e-03 6.820483e-01 -9.324600e-03 -7.370695e-03 -9.180928e-03 -1.166720e-02 -2.235564e-03 
2.500000e-01 -3.074968e-03 5.470349e-01 -2.395731e-03 -1.550686e-04 -4.191805e-03 1.069195e-03 6.828654e-01 -8.741680e-03 -6.515900e-03 -9.428814e-03 -1.004861e-02 -2.462167e-03 
2.600000e-01 3.762134e-03 5.469502e-01 -2.456837e-03 -2.500123e-04 -4.284388e-03 1.043148e-03 6.847291e-01 -8.190963e-03 -5.714229e-03 -9.536491e-03 -8.475632e-03 -2.759106e-03 
2.700000e-01 1.062299e-02 5.468712e-01 -2.510619e-03 -3.463385e-04 -4.362669e-03 1.013667e-03 6.876419e-01 -7.556145e-03 -5.127727e-03 -9.930674e-03 -7.415207e-03 -3.137441e-03 
2.800000e-01 1.751947e-02 5.467999e-01 -2.561754e-03 -4.521364e-04 -4.437510e-03 9.805895e-04 6.918740e-01 -6.693736e-03 -5.207488e-03 -1.132748e-02 -7.740773e-03 -3.468369e-03 
2.900000e-01 2.446449e-02 5.467370e-01 -2.616440e-03 -5.739616e-04 -4.520258e-03 9.444912e-04 6.973155e-01 -5.906957e-03 -5.791312e-03 -1.305727e-02 -8.906850e-03 -3.741291e-03 
3.000000e-01 3.146911e-02 5.466810e-01 -2.678312e-03 -7.130341e-04 -4.616741e-03 9.059866e-04 7.037654e-01 -5.334084e-03 -6.604662e-03 -1.472607e-02 -1.041823e-02 -3.947693e-03 
3.100000e-01 3.854268e-02 5.466294e-01 -2.748547e-03 -8.673859e-04 -4.728492e-03 8.657925e-04 7.110891e-01 -5.046301e-03 -7.435158e-03 -1.608124e-02 -1.191221e-02 -4.078248e-03 
3.200000e-01 4.569363e-02 5.465791e-01 -2.826559e-03 -1.033106e-03 -4.854078e-03 8.246727e-04 7.192374e-01 -5.066509e-03 -8.138536e-03 -1.698062e-02 -1.315040e-02 -4.133592e-03 
3.300000e-01 5.293029e-02 5.465271e-01 -2.910631e-03 -1.205337e-03 -4.990236e-03 7.833279e-04 7.282390e-01 -5.380236e-03 -8.635800e-03 -1.737914e-02 -1.400924e-02 -4.125828e-03 
3.400000e-01 6.026155e-02 5.464706e-01 -2.998527e-03 -1.379151e-03 -5.132940e-03 7.423015e-04 7.381765e-01 -5.947525e-03 -8.903757e-03 -1.730892e-02 -1.446232e-02 -4.073613e-03 
3.500000e-01 6.769729e-02 5.464075e-01 -3.088019e-03 -1.550252e-03 -5.278310e-03 7.019479e-04 7.491532e-01 -6.716090e-03 -8.961984e-03 -1.685529e-02 -1.455736e-02 -3.993863e-03 
3.600000e-01 7.524839e-02 5.463358e-01 -3.177227e-03 -1.715350e-03 -5.423214e-03 6.624944e-04 7.612650e-01 -7.631659e-03 -8.857022e-03 -1.612867e-02 -1.438830e-02 -3.893926e-03 
3.700000e-01 8.292660e-02 5.462545e-01 -3.264800e-03 -1.872261e-03 -5.565553e-03 6.241607e-04 7.745817e-01 -8.647571e-03 -8.645672e-03 -1.523576e-02 -1.406486e-02 -3.767442e-03 
3.800000e-01 9.074413e-02 5.461626e-01 -3.349934e-03 -2.019726e-03 -5.704273e-03 5.873006e-04 7.891332e-01 -9.733202e-03 -8.376365e-03 -1.424758e-02 -1.367741e-02 -3.594432e-03 
3.900000e-01 9.871329e-02 5.460596e-01 -3.432192e-03 -2.156891e-03 -5.838983e-03 5.525307e-04 8.048950e-01 -1.087949e-02 -8.070873e-03 -1.316941e-02 -1.326245e-02 -3.343001e-03 
4.000000e-01 1.068457e-01 5.459448e-01 -3.511143e-03 -2.282489e-03 -5.969238e-03 5.208462e-04 8.217672e-01 -1.210403e-02 -7.706179e-03 -1.190869e-02 -1.276850e-02 -2.969249e-03 
4.100000e-01 1.151518e-01 5.458175e-01 -3.586041e-03 -2.394793e-03 -6.094555e-03 4.938912e-04 8.396658e-01 -1.325241e-02 -7.343751e-03 -1.088501e-02 -1.262746e-02 -2.336538e-03 
4.200000e-01 1.236444e-01 5.456802e-01 -3.661210e-03 -2.504289e-03 -6.226983e-03 4.741904e-04 8.590596e-01 -1.423561e-02 -7.813809e-03 -1.101617e-02 -1.397501e-02 -1.653780e-03 
4.300000e-01 1.323361e-01 5.455322e-01 -3.744001e-03 -2.614723e-03 -6.375886e-03 4.605987e-04 8.794163e-01 -1.539112e-02 -8.803961e-03 -1.103242e-02 -1.587760e-02 -1.029048e-03 
4.400000e-01 1.412361e-01 5.453719e-01 -3.838333e-03 -2.723747e-03 -6.545699e-03 4.556907e-04 9.007710e-01 -1.669039e-02 -1.011787e-02 -1.072272e-02 -1.814028e-02 1.894334e-04 
4.500000e-01 1.500841e-01 5.454775e-01 -3.769248e-03 -2.454615e-03 -6.250442e-03 5.706240e-04 8.120234e-01 1.048576e-01 5.895377e-02 1.301899e-01 1.429726e-01 3.433694e-02 
4.600000e-01 1.581720e-01 5.465820e-01 -3.169778e-03 -1.125338e-03 -5.088616e-03 7.527727e-04 8.132888e-01 1.011107e-01 5.542721e-02 1.235666e-01 9.875732e-02 1.039174e-02 
4.700000e-01 1.662666e-01 5.476636e-01 -2.424349e-03 -4.798151e-04 -3.508035e-03 1.007799e-03 7.915503e-01 1.127449e-01 1.120925e-01 -1.688660e-04 2.461475e-01 4.744730e-02 
4.800000e-01 1.739987e-01 5.484794e-01 -1.152114e-03 -4.834994e-04 -9.097307e-04 1.461146e-03 7.528042e-01 8.312550e-02 1.085031e-01 3.440725e-03 1.617332e-01 2.442356e-02 
4.900000e-01 1.815230e-01 5.492641e-01 -4.733592e-04 -2.175651e-04 -9.700080e-05 1.657889e-03 7.760273e-01 5.538478e-02 4.822402e-02 5.243777e-02 7.439722e-02 2.005155e-02 
5.000000e-01 1.897532e-01 5.495632e-01 -1.717043e-04 1.496270e-04 4.067187e-04 1.756837e-03 8.724873e-01 -4.481636e-04 1.261412e-02 1.132018e-02 1.808370e-02 5.220766e-03 
5.100000e-01 1.984593e-01 5.494598e-01 -9.165625e-05 2.245780e-04 5.715439e-04 1.723392e-03 8.681927e-01 -1.263942e-02 7.181204e-03 9.365374e-03 1.642698e-02 -8.220838e-03 
5.200000e-01 2.070464e-01 5.493390e-01 -2.279489e-05 3.086902e-04 7.275790e-04 1.604193e-03 8.453978e-01 -1.147636e-02 6.547709e-03 7.632558e-03 1.470108e-02 -1.517096e-02 
5.300000e-01 2.153030e-01 5.492310e-01 3.790015e-05 3.754214e-04 8.633450e-04 1.430170e-03 8.035481e-01 -1.022009e-02 5.574545e-03 5.845019e-03 1.257242e-02 -1.907385e-02 
5.400000e-01 2.231001e-01 5.491310e-01 9.048251e-05 4.307056e-04 9.835402e-04 1.233651e-03 7.565540e-01 -9.975072e-03 5.125818e-03 5.502876e-03 1.176381e-02 -1.966130e-02 
5.500000e-01 2.304760e-01 5.490282e-01 1.447903e-04 4.902736e-04 1.104821e-03 1.048005e-03 7.217295e-01 -1.070413e-02 5.926444e-03 6.562964e-03 1.276820e-02 -1.700420e-02 
5.600000e-01 2.376034e-01 5.489160e-01 2.110216e-04 5.630662e-04 1.242549e-03 8.992089e-04 7.072058e-01 -1.173185e-02 7.332550e-03 7.973290e-03 1.485709e-02 -1.265177e-02 
5.700000e-01 2.446831e-01 5.487943e-01 2.904742e-04 6.483456e-04 1.401642e-03 7.941793e-04 7.115141e-01 -1.255920e-02 8.481365e-03 8.989037e-03 1.688632e-02 -8.480172e-03 
5.800000e-01 2.518791e-01 5.486659e-01 3.791364e-04 7.408064e-04 1.578190e-03 7.259576e-04 7.295340e-01 -1.305600e-02 9.187268e-03 9.397324e-03 1.831049e-02 -5.383673e-03 
5.900000e-01 2.593006e-01 5.485341e-01 4.733659e-04 8.339036e-04 1.765862e-03 6.816284e-04 7.556315e-01 -1.325545e-02 9.631450e-03 9.073471e-03 1.914720e-02 -3.727159e-03 
6.000000e-01 2.669914e-01 5.484018e-01 5.713237e-04 9.168094e-04 1.960159e-03 6.467360e-04 7.811631e-01 -1.313806e-02 9.932466e-03 6.980833e-03 1.967967e-02 -3.506454e-03 
6.100000e-01 2.748449e-01 5.482730e-01 6.717744e-04 9.588352e-04 2.159090e-03 6.101873e-04 7.841442e-01 -1.263552e-02 1.019091e-02 1.441872e-03 2.007734e-02 -3.347427e-03 
6.200000e-01 2.826188e-01 5.481475e-01 7.749413e-04 9.616289e-04 2.360613e-03 5.822563e-04 7.700559e-01 -1.250951e-02 1.041292e-02 -4.309578e-04 2.020604e-02 -2.390810e-03 
6.300000e-01 2.902459e-01 5.480226e-01 8.796720e-04 9.529590e-04 2.562926e-03 5.607924e-04 7.555504e-01 -1.245472e-02 1.052041e-02 -1.277718e-03 2.024052e-02 -1.927985e-03 
6.400000e-01 2.977340e-01 5.478985e-01 9.851076e-04 9.361768e-04 2.765068e-03 5.435069e-04 7.422906e-01 -1.236825e-02 1.055476e-02 -2.080090e-03 2.016943e-02 -1.532135e-03 
6.500000e-01 3.050962e-01 5.477754e-01 1.090527e-03 9.112947e-04 2.965932e-03 5.301471e-04 7.303763e-01 -1.224434e-02 1.051701e-02 -2.899839e-03 1.998395e-02 -1.139164e-03 
6.600000e-01 3.123461e-01 5.476537e-01 1.195197e-03 8.781061e-04 3.164336e-03 5.207721e-04 7.198119e-01 -1.208016e-02 1.040460e-02 -3.741386e-03 1.967669e-02 -7.342260e-04 
6.700000e-01 3.194970e-01 5.475340e-01 1.298344e-03 8.364080e-04 3.359005e-03 5.155309e-04 7.105892e-01 -1.187058e-02 1.021133e-02 -4.601218e-03 1.923480e-02 -3.110703e-04 
6.800000e-01 3.265622e-01 5.474165e-01 1.399112e-03 7.860680e-04 3.548506e-03 5.146053e-04 7.026918e-01 -1.160903e-02 9.927552e-03 -5.468461e-03 1.864054e-02 1.290567e-04 
6.900000e-01 3.335551e-01 5.473020e-01 1.496549e-03 7.270889e-04 3.731231e-03 5.181305e-04 6.961010e-01 -1.128905e-02 9.542735e-03 -6.325570e-03 1.787530e-02 5.777420e-04 
7.000000e-01 3.404886e-01 5.471909e-01 1.589599e-03 6.596921e-04 3.905388e-03 5.261112e-04 6.907993e-01 -1.090595e-02 9.048030e-03 -7.147072e-03 1.692359e-02 1.016712e-03 
7.100000e-01 3.473754e-01 5.470841e-01 1.677140e-03 5.843828e-04 4.069072e-03 5.383251e-04 6.867757e-01 -1.045892e-02 8.440279e-03 -7.901679e-03 1.577903e-02 1.418802e-03 
7.200000e-01 3.542283e-01 5.469820e-01 1.758065e-03 5.019913e-04 4.220380e-03 5.542672e-04 6.840228e-01 -9.953007e-03 7.726344e-03 -8.557310e-03 1.445072e-02 1.756501e-03 
7.300000e-01 3.610600e-01 5.468852e-01 1.831392e-03 4.136459e-04 4.357591e-03 5.732211e-04 6.825204e-01 -9.400523e-03 6.926640e-03 -9.088754e-03 1.296866e-02 2.021034e-03 
7.400000e-01 3.678827e-01 5.467940e-01 1.896434e-03 3.206786e-04 4.479421e-03 5.945592e-04 6.822129e-01 -8.822078e-03 6.076372e-03 -9.479853e-03 1.138500e-02 2.240769e-03 
7.500000e-01 3.747080e-01 5.467087e-01 1.952912e-03 2.245424e-04 4.585183e-03 6.180759e-04 6.830256e-01 -8.244484e-03 5.222727e-03 -9.722437e-03 9.767740e-03 2.468739e-03 
7.600000e-01 3.815470e-01 5.466297e-01 2.001579e-03 1.248990e-04 4.676583e-03 6.441950e-04 6.850231e-01 -7.440178e-03 4.643841e-03 -1.052303e-02 8.844813e-03 2.771263e-03 
7.700000e-01 3.884139e-01 5.465613e-01 2.049151e-03 9.030994e-06 4.768562e-03 6.735672e-04 6.886323e-01 -6.221203e-03 5.023746e-03 -1.281466e-02 9.816531e-03 3.099720e-03 
7.800000e-01 3.953244e-01 5.465053e-01 2.104462e-03 -1.334717e-04 4.876950e-03 7.060688e-04 6.936823e-01 -4.978977e-03 6.135957e-03 -1.575263e-02 1.202029e-02 3.393355e-03 
7.900000e-01 4.022914e-01 5.464610e-01 2.173049e-03 -3.062065e-04 5.010759e-03 7.412615e-04 6.998766e-01 -3.921257e-03 7.621185e-03 -1.877616e-02 1.479654e-02 3.636082e-03 
8.000000e-01 4.093249e-01 5.464258e-01 2.257052e-03 -5.077863e-04 5.172869e-03 7.786004e-04 7.069693e-01 -3.185292e-03 9.169140e-03 -2.145499e-02 1.759232e-02 3.822101e-03 
8.100000e-01 4.164332e-01 5.463960e-01 2.355843e-03 -7.331740e-04 5.361281e-03 8.175264e-04 7.147974e-01 -2.844338e-03 1.054179e-02 -2.349434e-02 1.999280e-02 3.954687e-03 
8.200000e-01 4.236231e-01 5.463676e-01 2.466789e-03 -9.750299e-04 5.570547e-03 8.575613e-04 7.232895e-01 -2.915796e-03 1.158054e-02 -2.473348e-02 2.173189e-02 4.046870e-03 
8.300000e-01 4.309012e-01 5.463364e-01 2.586070e-03 -1.225035e-03 5.793297e-03 8.983933e-04 7.324571e-01 -3.374594e-03 1.220040e-02 -2.512478e-02 2.267786e-02 4.117595e-03 
8.400000e-01 4.382747e-01 5.462990e-01 2.709352e-03 -1.474883e-03 6.021454e-03 9.398969e-04 7.423704e-01 -4.167337e-03 1.237857e-02 -2.471163e-02 2.281363e-02 4.183896e-03 
8.500000e-01 4.457515e-01 5.462522e-01 2.832294e-03 -1.717005e-03 6.247184e-03 9.820733e-04 7.531322e-01 -5.224341e-03 1.214177e-02 -2.360446e-02 2.221345e-02 4.252502e-03 
8.600000e-01 4.533406e-01 5.461938e-01 2.951022e-03 -1.945172e-03 6.463757e-03 1.024907e-03 7.648482e-01 -6.472707e-03 1.154918e-02 -2.194984e-02 2.101181e-02 4.312326e-03 
8.700000e-01 4.610519e-01 5.461223e-01 3.062348e-03 -2.154679e-03 6.665963e-03 1.068183e-03 7.776084e-01 -7.846627e-03 1.067558e-02 -1.989885e-02 1.936953e-02 4.334984e-03 
8.800000e-01 4.688964e-01 5.460367e-01 3.163839e-03 -2.342222e-03 6.850175e-03 1.111338e-03 7.914709e-01 -9.295899e-03 9.593958e-03 -1.757533e-02 1.743761e-02 4.279672e-03 
8.900000e-01 4.768850e-01 5.459362e-01 3.253699e-03 -2.505460e-03 7.014074e-03 1.153349e-03 8.064449e-01 -1.079287e-02 8.357275e-03 -1.504355e-02 1.532147e-02 4.096684e-03 
9.000000e-01 4.850288e-01 5.458206e-01 3.330492e-03 -2.642264e-03 7.156030e-03 1.192650e-03 8.224678e-01 -1.233800e-02 6.978861e-03 -1.227390e-02 1.304446e-02 3.726877e-03 
9.100000e-01 4.933381e-01 5.456905e-01 3.393381e-03 -2.753594e-03 7.278063e-03 1.226018e-03 8.397375e-01 -1.349877e-02 5.783012e-03 -1.071708e-02 1.207631e-02 2.710888e-03 
9.200000e-01 5.018305e-01 5.455508e-01 3.451105e-03 -2.861172e-03 7.403845e-03 1.247226e-03 8.589834e-01 -1.446145e-02 5.951748e-03 -1.080909e-02 1.322911e-02 1.674958e-03 
9.300000e-01 5.105212e-01 5.454006e-01 3.514807e-03 -2.969487e-03 7.544981e-03 1.260850e-03 8.793010e-01 -1.561446e-02 6.861547e-03 -1.081795e-02 1.508470e-02 1.029494e-03 
9.400000e-01 5.194200e-01 5.452380e-01 3.589484e-03 -3.076370e-03 7.706833e-03 1.265781e-03 9.006485e-01 -1.691749e-02 8.130830e-03 -1.050956e-02 1.734336e-02 -1.863785e-04 
9.500000e-01 5.280207e-01 5.456208e-01 3.343566e-03 -2.494431e-03 7.056343e-03 1.086874e-03 7.996892e-01 1.199047e-01 -6.712191e-02 1.413948e-01 -1.374713e-01 -2.691522e-02 
9.600000e-01 5.360653e-01 5.467509e-01 2.705575e-03 -1.143927e-03 5.894968e-03 9.373674e-04 8.109147e-01 1.010399e-01 -5.877763e-02 1.225789e-01 -1.028525e-01 -1.070913e-02 
9.700000e-01 5.441285e-01 5.478326e-01 1.913735e-03 -5.180637e-04 4.238970e-03 6.718658e-04 7.875063e-01 1.109704e-01 -1.169647e-01 2.486955e-04 -2.538893e-01 -4.828763e-02 
9.800000e-01 5.518326e-01 5.486130e-01 5.782054e-04 -5.196769e-04 1.508778e-03 2.038530e-04 7.662120e-01 5.386530e-02 -1.370378e-01 -2.408549e-04 -2.577374e-01 -3.460339e-02 
9.900000e-01 5.594932e-01 5.492896e-01 -3.065980e-04 -2.672991e-04 2.870511e-04 -9.126416e-06 7.864628e-01 5.584625e-02 -5.895994e-02 5.387068e-02 -8.260985e-02 -2.054245e-02 
1.000000e+00 5.678278e-01 5.495941e-01 -6.776401e-04 1.063782e-04 -2.630859e-04 -1.196799e-04 8.826846e-01 -1.956037e-04 -1.712205e-02 1.165639e-02 -2.019590e-02 -5.975028e-03 
1.010000e+00 5.766334e-01 5.494899e-01 -7.892989e-04 1.820856e-04 -4.426650e-04 -8.737157e-05 8.779555e-01 -1.282223e-02 -9.522047e-03 9.491674e-03 -1.719959e-02 8.475635e-03 
1.020000e+00 5.853175e-01 5.493676e-01 -8.788766e-04 2.675533e-04 -6.036364e-04 3.576911e-05 8.551358e-01 -1.156871e-02 -8.431041e-03 7.705677e-03 -1.496263e-02 1.557711e-02 
1.030000e+00 5.936709e-01 5.492589e-01 -9.572721e-04 3.346645e-04 -7.412793e-04 2.127801e-04 8.131661e-01 -1.028272e-02 -7.251546e-03 5.876024e-03 -1.270723e-02 1.928010e-02 
1.040000e+00 6.015637e-01 5.491584e-01 -1.026014e-03 3.902679e-04 -8.625266e-04 4.107703e-04 7.660630e-01 -1.003174e-02 -6.691595e-03 5.535568e-03 -1.184683e-02 1.976182e-02 
1.050000e+00 6.090344e-01 5.490550e-01 -1.095656e-03 4.501529e-04 -9.845347e-04 5.971300e-04 7.311194e-01 -1.075815e-02 -7.436466e-03 6.597204e-03 -1.283765e-02 1.704727e-02 
1.060000e+00 6.162550e-01 5.489423e-01 -1.176832e-03 5.232778e-04 -1.122987e-03 7.461707e-04 7.164685e-01 -1.178449e-02 -8.814944e-03 8.005906e-03 -1.493626e-02 1.265798e-02 
1.070000e+00 6.234266e-01 5.488200e-01 -1.270985e-03 6.088515e-04 -1.282949e-03 8.511638e-04 7.205963e-01 -1.261013e-02 -9.938494e-03 9.013004e-03 -1.697877e-02 8.472600e-03 
1.080000e+00 6.307121e-01 5.486912e-01 -1.374086e-03 7.014423e-04 -1.460478e-03 9.193190e-04 7.382926e-01 -1.310340e-02 -1.061836e-02 9.394184e-03 -1.841274e-02 5.384516e-03 
1.090000e+00 6.382182e-01 5.485590e-01 -1.482481e-03 7.941239e-04 -1.649195e-03 9.638398e-04 7.636397e-01 -1.329157e-02 -1.103403e-02 8.970380e-03 -1.925436e-02 3.775003e-03 
1.100000e+00 6.459789e-01 5.484265e-01 -1.594272e-03 8.741416e-04 -1.844574e-03 9.998294e-04 7.864987e-01 -1.312368e-02 -1.129368e-02 6.384041e-03 -1.978769e-02 3.693142e-03 
1.110000e+00 6.538590e-01 5.482978e-01 -1.708317e-03 9.095056e-04 -2.044527e-03 1.036608e-03 7.847774e-01 -1.265373e-02 -1.154222e-02 1.125857e-03 -2.015438e-02 3.215160e-03 
1.120000e+00 6.616347e-01 5.481719e-01 -1.824757e-03 9.116941e-04 -2.246763e-03 1.063881e-03 7.700514e-01 -1.256458e-02 -1.172200e-02 -3.813585e-04 -2.027851e-02 2.373443e-03 
1.130000e+00 6.692615e-01 5.480465e-01 -1.942454e-03 9.036707e-04 -2.449822e-03 1.085285e-03 7.555126e-01 -1.251061e-02 -1.180537e-02 -1.207264e-03 -2.031674e-02 1.926906e-03 
1.140000e+00 6.767492e-01 5.479218e-01 -2.060629e-03 8.875994e-04 -2.652735e-03 1.102568e-03 7.422512e-01 -1.242291e-02 -1.181799e-02 -2.008928e-03 -2.024712e-02 1.532183e-03 
1.150000e+00 6.841111e-01 5.477982e-01 -2.178579e-03 8.634268e-04 -2.854380e-03 1.115928e-03 7.303369e-01 -1.229771e-02 -1.176040e-02 -2.829101e-03 -2.006256e-02 1.139422e-03 
1.160000e+00 6.913605e-01 5.476760e-01 -2.295594e-03 8.309415e-04 -3.053577e-03 1.125307e-03 7.197731e-01 -1.213236e-02 -1.163036e-02 -3.671524e-03 -1.975627e-02 7.344536e-04 
1.170000e+00 6.985110e-01 5.475557e-01 -2.410918e-03 7.899388e-04 -3.249044e-03 1.130551e-03 7.105507e-01 -1.192165e-02 -1.142154e-02 -4.532233e-03 -1.931519e-02 3.115049e-04 
1.180000e+00 7.055759e-01 5.474377e-01 -2.523721e-03 7.402813e-04 -3.439355e-03 1.131481e-03 7.026539e-01 -1.165908e-02 -1.112441e-02 -5.400736e-03 -1.872185e-02 -1.285498e-04 
1.190000e+00 7.125684e-01 5.473227e-01 -2.633069e-03 6.819718e-04 -3.622899e-03 1.127962e-03 6.960640e-01 -1.133818e-02 -1.072835e-02 -6.259364e-03 -1.795752e-02 -5.771041e-04 
1.200000e+00 7.195015e-01 5.472112e-01 -2.737927e-03 6.152285e-04 -3.797883e-03 1.119989e-03 6.907632e-01 -1.095422e-02 -1.022445e-02 -7.082696e-03 -1.700666e-02 -1.015866e-03 
1.210000e+00 7.263879e-01 5.471038e-01 -2.837196e-03 5.405534e-04 -3.962402e-03 1.107787e-03 6.867406e-01 -1.050644e-02 -9.609483e-03 -7.839414e-03 -1.586289e-02 -1.417600e-03 
1.220000e+00 7.332405e-01 5.470012e-01 -2.929786e-03 4.587730e-04 -4.114554e-03 1.091859e-03 6.839889e-01 -9.999871e-03 -8.890268e-03 -8.497428e-03 -1.453525e-02 -1.754796e-03 
1.230000e+00 7.400719e-01 5.469040e-01 -3.014735e-03 3.710117e-04 -4.252615e-03 1.072922e-03 6.824876e-01 -9.446797e-03 -8.087166e-03 -9.031651e-03 -1.305368e-02 -2.018869e-03 
1.240000e+00 7.468942e-01 5.468124e-01 -3.091373e-03 2.786009e-04 -4.375297e-03 1.051608e-03 6.821815e-01 -8.867817e-03 -7.235325e-03 -9.425642e-03 -1.147027e-02 -2.237970e-03 
1.250000e+00 7.537192e-01 5.467266e-01 -3.159440e-03 1.829923e-04 -4.481912e-03 1.028122e-03 6.829956e-01 -8.289756e-03 -6.381911e-03 -9.671119e-03 -9.852993e-03 -2.465562e-03 
1.260000e+00 7.605579e-01 5.466470e-01 -3.219607e-03 8.416321e-05 -4.573875e-03 1.002041e-03 6.849737e-01 -7.513919e-03 -5.773947e-03 -1.039223e-02 -8.853131e-03 -2.766729e-03 
1.270000e+00 7.674241e-01 5.465777e-01 -3.278232e-03 -2.996498e-05 -4.665451e-03 9.727140e-04 6.885415e-01 -6.317073e-03 -6.105283e-03 -1.259994e-02 -9.729843e-03 -3.095396e-03 
1.280000e+00 7.743335e-01 5.465208e-01 -3.344162e-03 -1.699747e-04 -4.772580e-03 9.402502e-04 6.935515e-01 -5.090274e-03 -7.177727e-03 -1.546670e-02 -1.185356e-02 -3.390103e-03 
1.290000e+00 7.812989e-01 5.464753e-01 -3.423003e-03 -3.395305e-04 -4.904371e-03 9.050824e-04 6.997098e-01 -4.043294e-03 -8.632018e-03 -1.842901e-02 -1.456284e-02 -3.634418e-03 
1.300000e+00 7.883307e-01 5.464388e-01 -3.516972e-03 -5.373545e-04 -5.063824e-03 8.677531e-04 7.067734e-01 -3.312223e-03 -1.016013e-02 -2.106292e-02 -1.730945e-02 -3.821870e-03 
1.310000e+00 7.954368e-01 5.464077e-01 -3.625590e-03 -7.586287e-04 -5.249184e-03 8.288262e-04 7.145800e-01 -2.970823e-03 -1.152473e-02 -2.307515e-02 -1.968004e-02 -3.954872e-03 
1.320000e+00 8.026245e-01 5.463780e-01 -3.746365e-03 -9.962240e-04 -5.455238e-03 7.887938e-04 7.230586e-01 -3.037289e-03 -1.256643e-02 -2.430410e-02 -2.140701e-02 -4.045616e-03 
1.330000e+00 8.099003e-01 5.463457e-01 -3.875572e-03 -1.241966e-03 -5.674765e-03 7.479907e-04 7.322213e-01 -3.487177e-03 -1.320000e-02 -2.470215e-02 -2.235849e-02 -4.112518e-03 
1.340000e+00 8.172715e-01 5.463072e-01 -4.008951e-03 -1.487674e-03 -5.899806e-03 7.065656e-04 7.421404e-01 -4.267216e-03 -1.340341e-02 -2.431352e-02 -2.251829e-02 -4.172759e-03 
1.350000e+00 8.247460e-01 5.462595e-01 -4.142304e-03 -1.725989e-03 -6.122753e-03 6.645385e-04 7.529172e-01 -5.308977e-03 -1.320271e-02 -2.324640e-02 -2.195875e-02 -4.233032e-03 
1.360000e+00 8.323330e-01 5.462004e-01 -4.271864e-03 -1.950830e-03 -6.337044e-03 6.219453e-04 7.646565e-01 -6.540641e-03 -1.265600e-02 -2.164411e-02 -2.081118e-02 -4.283674e-03 
1.370000e+00 8.400426e-01 5.461283e-01 -4.394531e-03 -2.157589e-03 -6.537568e-03 5.789991e-04 7.774475e-01 -7.897187e-03 -1.183732e-02 -1.965543e-02 -1.923387e-02 -4.298186e-03 
1.380000e+00 8.478856e-01 5.460422e-01 -4.507946e-03 -2.343039e-03 -6.720784e-03 5.362466e-04 7.913470e-01 -9.329263e-03 -1.081884e-02 -1.740195e-02 -1.737578e-02 -4.236716e-03 
1.390000e+00 8.558732e-01 5.459415e-01 -4.610399e-03 -2.504909e-03 -6.884456e-03 4.946873e-04 8.063623e-01 -1.081007e-02 -9.651964e-03 -1.494484e-02 -1.533896e-02 -4.050188e-03 
1.400000e+00 8.640163e-01 5.458258e-01 -4.700509e-03 -2.641102e-03 -7.026991e-03 4.558568e-04 8.224287e-01 -1.234084e-02 -8.348144e-03 -1.225119e-02 -1.314305e-02 -3.680344e-03 
1.410000e+00 8.723254e-01 5.456956e-01 -4.777420e-03 -2.752277e-03 -7.150117e-03 4.228444e-04 8.397194e-01 -1.350969e-02 -7.209539e-03 -1.068861e-02 -1.217883e-02 -2.694098e-03 
1.420000e+00 8.808176e-01 5.455558e-01 -4.849602e-03 -2.859566e-03 -7.276940e-03 4.017102e-04 8.589662e-01 -1.447239e-02 -7.415452e-03 -1.077931e-02 -1.333420e-02 -1.672420e-03 
1.430000e+00 8.895082e-01 5.454055e-01 -4.928112e-03 -2.967567e-03 -7.419126e-03 3.881076e-04 8.792843e-01 -1.562543e-02 -8.360248e-03 -1.078534e-02 -1.518995e-02 -1.028709e-03 
1.440000e+00 8.984068e-01 5.452428e-01 -5.017951e-03 -3.074107e-03 -7.582026e-03 3.831799e-04 9.006299e-01 -1.692847e-02 -9.664845e-03 -1.047372e-02 -1.744773e-02 1.870034e-04 
1.450000e+00 9.070177e-01 5.456138e-01 -4.793240e-03 -2.505066e-03 -6.948002e-03 5.578799e-04 8.000032e-01 1.195386e-01 6.557319e-02 1.411392e-01 1.371160e-01 2.668183e-02 
1.460000e+00 9.150637e-01 5.467431e-01 -4.170640e-03 -1.154137e-03 -5.792888e-03 7.022337e-04 8.110256e-01 1.010206e-01 5.717348e-02 1.227381e-01 1.020456e-01 1.010365e-02 
1.470000e+00 9.231336e-01 5.478184e-01 -3.406316e-03 -5.121031e-04 -4.175953e-03 9.567518e-04 7.885950e-01 1.115282e-01 1.144047e-01 -6.967875e-05 2.510466e-01 4.777685e-02 
1.480000e+00 9.308464e-01 5.486032e-01 -2.092918e-03 -5.180796e-04 -1.465550e-03 1.423204e-03 7.666011e-01 5.386863e-02 1.353754e-01 -6.607507e-04 2.575798e-01 3.488584e-02 
1.490000e+00 9.384993e-01 5.492882e-01 -1.235405e-03 -2.654253e-04 -2.741425e-04 1.637441e-03 7.857836e-01 5.582335e-02 5.692131e-02 5.372579e-02 8.208265e-02 2.071124e-02 
1.500000e+00 9.468271e-01 5.495924e-01 -8.833493e-04 1.072617e-04 2.739010e-04 1.748344e-03 8.820128e-01 -2.118218e-04 1.526447e-02 1.162409e-02 2.009222e-02 5.972032e-03 
1.510000e+00 9.556262e-01 5.494882e-01 -7.895038e-04 1.826878e-04 4.526374e-04 1.716254e-03 8.773133e-01 -1.281131e-02 7.801352e-03 9.456461e-03 1.714911e-02 -8.435206e-03 
1.520000e+00 9.643039e-01 5.493660e-01 -7.166987e-04 2.678440e-04 6.132595e-04 1.593581e-03 8.544992e-01 -1.156392e-02 6.797326e-03 7.680830e-03 1.494612e-02 -1.553361e-02 
1.530000e+00 9.726509e-01 5.492574e-01 -6.542296e-04 3.347268e-04 7.508371e-04 1.416929e-03 8.125343e-01 -1.028027e-02 5.698608e-03 5.855043e-03 1.271081e-02 -1.925155e-02 
1.540000e+00 9.805374e-01 5.491569e-01 -6.006837e-04 3.901319e-04 8.721884e-04 1.219181e-03 7.654387e-01 -1.003080e-02 5.201838e-03 5.516621e-03 1.186230e-02 -1.974111e-02 
1.550000e+00 9.880018e-01 5.490535e-01 -5.457176e-04 4.498337e-04 9.943637e-04 1.033019e-03 7.305167e-01 -1.075707e-02 5.985703e-03 6.576511e-03 1.285215e-02 -1.703077e-02 
1.560000e+00 9.952165e-01 5.489408e-01 -4.789204e-04 5.227517e-04 1.132920e-03 8.841512e-04 7.158906e-01 -1.178189e-02 7.383997e-03 7.981792e-03 1.493537e-02 -1.264874e-02 
1.570000e+00 1.002382e+00 5.488185e-01 -3.989725e-04 6.080773e-04 1.292798e-03 7.792559e-04 7.200360e-01 -1.260627e-02 8.527607e-03 8.986789e-03 1.696175e-02 -8.464322e-03 
1.580000e+00 1.009662e+00 5.486897e-01 -3.098677e-04 7.004024e-04 1.470089e-03 7.111877e-04 7.377566e-01 -1.309863e-02 9.230544e-03 9.367779e-03 1.838244e-02 -5.375504e-03 
1.590000e+00 1.017163e+00 5.485576e-01 -2.152166e-04 7.928450e-04 1.658459e-03 6.667523e-04 7.631612e-01 -1.328697e-02 9.673530e-03 8.949869e-03 1.921691e-02 -3.765720e-03 
1.600000e+00 1.024920e+00 5.484251e-01 -1.168757e-04 8.727851e-04 1.853465e-03 6.308798e-04 7.862098e-01 -1.312276e-02 9.965179e-03 6.395098e-03 1.975397e-02 -3.678746e-03 
1.610000e+00 1.032799e+00 5.482965e-01 -1.593664e-05 9.082419e-04 2.053178e-03 5.941165e-04 7.847616e-01 -1.265233e-02 1.025058e-02 1.112607e-03 2.014082e-02 -3.222366e-03 
1.620000e+00 1.040575e+00 5.481705e-01 8.775564e-05 9.101577e-04 2.255323e-03 5.668101e-04 7.700701e-01 -1.256187e-02 1.046229e-02 -4.158628e-04 2.027139e-02 -2.373906e-03 
1.630000e+00 1.048202e+00 5.480452e-01 1.929834e-04 9.017897e-04 2.458314e-03 5.454047e-04 7.555323e-01 -1.250807e-02 1.057053e-02 -1.242256e-03 2.030975e-02 -1.926622e-03 
1.640000e+00 1.055690e+00 5.479205e-01 2.989212e-04 8.853721e-04 2.661153e-03 5.281227e-04 7.422706e-01 -1.242047e-02 1.060496e-02 -2.043592e-03 2.023907e-02 -1.531969e-03 
1.650000e+00 1.063052e+00 5.477969e-01 4.048410e-04 8.608566e-04 2.862712e-03 5.147598e-04 7.303566e-01 -1.229533e-02 1.056691e-02 -2.863634e-03 2.005333e-02 -1.139033e-03 
1.660000e+00 1.070301e+00 5.476747e-01 5.100103e-04 8.280299e-04 3.061813e-03 5.053795e-04 7.197921e-01 -1.213008e-02 1.045417e-02 -3.705308e-03 1.974575e-02 -7.342261e-04 
1.670000e+00 1.077452e+00 5.475544e-01 6.136540e-04 7.866891e-04 3.257177e-03 5.001358e-04 7.105693e-01 -1.191943e-02 1.026039e-02 -4.565319e-03 1.930334e-02 -3.112529e-04 
1.680000e+00 1.084517e+00 5.474365e-01 7.149150e-04 7.367033e-04 3.447370e-03 4.992067e-04 7.026722e-01 -1.165687e-02 9.976130e-03 -5.432881e-03 1.870852e-02 1.288793e-04 
1.690000e+00 1.091510e+00 5.473215e-01 8.128373e-04 6.780787e-04 3.630775e-03 5.027277e-04 6.960814e-01 -1.133599e-02 9.590815e-03 -6.290133e-03 1.794271e-02 5.773843e-04 
1.700000e+00 1.098443e+00 5.472100e-01 9.063662e-04 6.110353e-04 3.805605e-03 5.107031e-04 6.907797e-01 -1.095208e-02 9.095659e-03 -7.111813e-03 1.699048e-02 1.016201e-03 
1.710000e+00 1.105330e+00 5.471027e-01 9.943826e-04 5.360784e-04 3.969956e-03 5.229103e-04 6.867563e-01 -1.050433e-02 8.487515e-03 -7.866677e-03 1.584548e-02 1.418226e-03 
1.720000e+00 1.112182e+00 5.470001e-01 1.075778e-03 4.540364e-04 4.121926e-03 5.388447e-04 6.840039e-01 -9.997757e-03 7.773134e-03 -8.522517e-03 1.451667e-02 1.755672e-03 
1.730000e+00 1.119014e+00 5.469029e-01 1.149572e-03 3.660354e-04 4.259796e-03 5.577941e-04 6.825013e-01 -9.444731e-03 6.973054e-03 -9.054389e-03 1.303423e-02 2.020505e-03 
1.740000e+00 1.125836e+00 5.468113e-01 1.215076e-03 2.734110e-04 4.382280e-03 5.791255e-04 6.821940e-01 -8.865762e-03 6.122386e-03 -9.445585e-03 1.145014e-02 2.240082e-03 
1.750000e+00 1.132661e+00 5.467255e-01 1.272011e-03 1.776159e-04 4.488692e-03 6.026341e-04 6.830072e-01 -8.287618e-03 5.268244e-03 -9.688559e-03 9.832460e-03 2.467607e-03 
1.760000e+00 1.139500e+00 5.466460e-01 1.321032e-03 7.861858e-05 4.580450e-03 6.287358e-04 6.849846e-01 -7.511278e-03 4.658249e-03 -1.040971e-02 8.832932e-03 2.768897e-03 
1.770000e+00 1.146367e+00 5.465767e-01 1.368484e-03 -3.570296e-05 4.671823e-03 6.580859e-04 6.885541e-01 -6.313428e-03 4.986156e-03 -1.262218e-02 9.709676e-03 3.097868e-03 
1.780000e+00 1.153276e+00 5.465198e-01 1.423193e-03 -1.759535e-04 4.778736e-03 6.905747e-04 6.935665e-01 -5.086775e-03 6.051721e-03 -1.549266e-02 1.182986e-02 3.392607e-03 
1.790000e+00 1.160242e+00 5.464744e-01 1.490733e-03 -3.458018e-04 4.910279e-03 7.257672e-04 6.997280e-01 -4.039381e-03 7.497414e-03 -1.846131e-02 1.453648e-02 3.636795e-03 
1.800000e+00 1.167274e+00 5.464379e-01 1.573308e-03 -5.439812e-04 5.069460e-03 7.631185e-04 7.067947e-01 -3.308218e-03 9.015081e-03 -2.110075e-02 1.728043e-02 3.823874e-03 
1.810000e+00 1.174380e+00 5.464069e-01 1.670419e-03 -7.656605e-04 5.254522e-03 8.020631e-04 7.146041e-01 -2.966749e-03 1.036757e-02 -2.311770e-02 1.964896e-02 3.956399e-03 
1.820000e+00 1.181568e+00 5.463772e-01 1.779562e-03 -1.003708e-03 5.460271e-03 8.421086e-04 7.230848e-01 -3.033349e-03 1.139560e-02 -2.434974e-02 2.137455e-02 4.046609e-03 
1.830000e+00 1.188844e+00 5.463450e-01 1.896984e-03 -1.249913e-03 5.679467e-03 8.829192e-04 7.322490e-01 -3.483329e-03 1.201411e-02 -2.474950e-02 2.232577e-02 4.113089e-03 
1.840000e+00 1.196215e+00 5.463065e-01 2.018426e-03 -1.496100e-03 5.904187e-03 9.243477e-04 7.421684e-01 -4.263674e-03 1.220086e-02 -2.436079e-02 2.248598e-02 4.172965e-03 
1.850000e+00 1.203690e+00 5.462588e-01 2.139662e-03 -1.734880e-03 6.126815e-03 9.663763e-04 7.529448e-01 -5.305721e-03 1.198193e-02 -2.329220e-02 2.192766e-02 4.233132e-03 
1.860000e+00 1.211278e+00 5.461997e-01 2.256907e-03 -1.960156e-03 6.340786e-03 1.008975e-03 7.646835e-01 -6.537527e-03 1.141568e-02 -2.168797e-02 2.078264e-02 4.283869e-03 
1.870000e+00 1.218987e+00 5.461276e-01 2.367052e-03 -2.167328e-03 6.541016e-03 1.051932e-03 7.774733e-01 -7.894189e-03 1.057604e-02 -1.969706e-02 1.920906e-02 4.298413e-03 
1.880000e+00 1.226831e+00 5.460416e-01 2.467737e-03 -2.353181e-03 6.723995e-03 1.094694e-03 7.913706e-01 -9.326592e-03 9.534443e-03 -1.743997e-02 1.735427e-02 4.237029e-03 
1.890000e+00 1.234819e+00 5.459409e-01 2.557225e-03 -2.515423e-03 6.887476e-03 1.136262e-03 8.063830e-01 -1.080789e-02 8.341990e-03 -1.497801e-02 1.531993e-02 4.050718e-03 
1.900000e+00 1.242962e+00 5.458253e-01 2.634101e-03 -2.651931e-03 7.029840e-03 1.175099e-03 8.224460e-01 -1.233922e-02 7.010215e-03 -1.227860e-02 1.312596e-02 3.680799e-03 
1.910000e+00 1.251271e+00 5.456950e-01 2.697478e-03 -2.763332e-03 7.152779e-03 1.208115e-03 8.397321e-01 -1.350881e-02 5.839745e-03 -1.070970e-02 1.215927e-02 2.694446e-03 
1.920000e+00 1.259763e+00 5.455553e-01 2.755803e-03 -2.870835e-03 7.279394e-03 1.229257e-03 8.589781e-01 -1.447159e-02 6.012593e-03 -1.080149e-02 1.331206e-02 1.673016e-03 
1.930000e+00 1.268454e+00 5.454050e-01 2.820120e-03 -2.979074e-03 7.421359e-03 1.242872e-03 8.792966e-01 -1.562465e-02 6.923469e-03 -1.081050e-02 1.516763e-02 1.028926e-03 
1.940000e+00 1.277353e+00 5.452423e-01 2.895418e-03 -3.085883e-03 7.584038e-03 1.247796e-03 9.006448e-01 -1.692767e-02 8.193313e-03 -1.050259e-02 1.742589e-02 -1.868758e-04 
1.950000e+00 1.285963e+00 5.456140e-01 2.656257e-03 -2.515668e-03 6.947442e-03 1.071047e-03 7.999633e-01 1.195827e-01 -6.688380e-02 1.411954e-01 -1.375186e-01 -2.718020e-02 
1.960000e+00 1.294009e+00 5.467435e-01 2.020343e-03 -1.164573e-03 5.789036e-03 9.206335e-04 8.109896e-01 1.010265e-01 -5.852138e-02 1.227474e-01 -1.023380e-01 -1.069370e-02 
1.970000e+00 1.302078e+00 5.478176e-01 1.244161e-03 -5.191648e-04 4.170681e-03 6.623046e-04 7.885910e-01 1.114140e-01 -1.154690e-01 3.594331e-04 -2.514826e-01 -4.797909e-02 
1.980000e+00 1.309791e+00 5.486017e-01 -7.961121e-05 -5.206934e-04 1.458275e-03 1.941682e-04 7.665824e-01 5.386852e-02 -1.364521e-01 -2.430306e-04 -2.573732e-01 -3.506732e-02 
1.990000e+00 1.317442e+00 5.492879e-01 -9.468387e-04 -2.664661e-04 2.728977e-04 -2.120950e-05 7.856087e-01 5.579596e-02 -5.804668e-02 5.378651e-02 -8.179686e-02 -2.080814e-02 
2.000000e+00 1.325768e+00 5.495919e-01 -1.312005e-03 1.068100e-04 -2.729955e-04 -1.326636e-04 8.818705e-01 -2.297575e-04 -1.675427e-02 1.164404e-02 -1.996029e-02 -5.989316e-03 
