2.145702e-30 1.287117e+02 1.453612e+01 -8.131290e-20 0.000000e+00 0.000000e+00 
6.116099e-01 1.291720e+02 1.466271e+01 -2.836124e-04 -9.672006e-04 6.829604e-08 
1.223196e+00 1.296323e+02 1.478929e+01 -5.672196e-04 -1.934394e-03 1.365894e-07 
1.834733e+00 1.300926e+02 1.491586e+01 -8.508163e-04 -2.901572e-03 2.048773e-07 
2.446199e+00 1.305529e+02 1.504242e+01 -1.134397e-03 -3.868727e-03 2.731572e-07 
3.057570e+00 1.310130e+02 1.516897e+01 -1.417955e-03 -4.835850e-03 3.414263e-07 
3.668821e+00 1.314731e+02 1.529550e+01 -1.701484e-03 -5.802933e-03 4.096819e-07 
4.279929e+00 1.319331e+02 1.542201e+01 -1.984977e-03 -6.769965e-03 4.779213e-07 
4.890871e+00 1.323930e+02 1.554849e+01 -2.268428e-03 -7.736937e-03 5.461419e-07 
5.501624e+00 1.328527e+02 1.567495e+01 -2.551828e-03 -8.703839e-03 6.143409e-07 
6.112165e+00 1.333123e+02 1.580137e+01 -2.835171e-03 -9.670660e-03 6.825156e-07 
6.722470e+00 1.337717e+02 1.592776e+01 -3.118448e-03 -1.063739e-02 7.506634e-07 
7.332517e+00 1.342310e+02 1.605412e+01 -3.401651e-03 -1.160401e-02 8.187816e-07 
7.942283e+00 1.346900e+02 1.618042e+01 -3.684770e-03 -1.257052e-02 8.868675e-07 
8.551746e+00 1.351489e+02 1.630669e+01 -3.967797e-03 -1.353691e-02 9.549183e-07 
9.160882e+00 1.356075e+02 1.643290e+01 -4.250723e-03 -1.450315e-02 1.022931e-06 
9.769670e+00 1.360658e+02 1.655906e+01 -4.533538e-03 -1.546924e-02 1.090904e-06 
1.037809e+01 1.365239e+02 1.668516e+01 -4.816231e-03 -1.643516e-02 1.158834e-06 
1.098611e+01 1.369818e+02 1.681120e+01 -5.098793e-03 -1.740089e-02 1.226718e-06 
1.159372e+01 1.374393e+02 1.693718e+01 -5.381213e-03 -1.836644e-02 1.294553e-06 
1.220090e+01 1.378965e+02 1.706308e+01 -5.663479e-03 -1.933177e-02 1.362338e-06 
1.280761e+01 1.383535e+02 1.718892e+01 -5.945581e-03 -2.029688e-02 1.430068e-06 
1.341385e+01 1.388100e+02 1.731468e+01 -6.227507e-03 -2.126174e-02 1.497742e-06 
1.401958e+01 1.392662e+02 1.744036e+01 -6.509245e-03 -2.222635e-02 1.565357e-06 
1.462480e+01 1.397221e+02 1.756595e+01 -6.790782e-03 -2.319068e-02 1.632911e-06 
1.522947e+01 1.401776e+02 1.769145e+01 -7.072107e-03 -2.415473e-02 1.700399e-06 
1.583357e+01 1.406326e+02 1.781687e+01 -7.353205e-03 -2.511846e-02 1.767821e-06 
1.643709e+01 1.410873e+02 1.794219e+01 -7.634065e-03 -2.608187e-02 1.835173e-06 
1.704000e+01 1.415415e+02 1.806740e+01 -7.914672e-03 -2.704494e-02 1.902452e-06 
1.764229e+01 1.419953e+02 1.819252e+01 -8.195013e-03 -2.800764e-02 1.969656e-06 
1.824393e+01 1.424486e+02 1.831753e+01 -8.475073e-03 -2.896996e-02 2.036783e-06 
1.884490e+01 1.429014e+02 1.844242e+01 -8.754838e-03 -2.993189e-02 2.103829e-06 
1.944518e+01 1.433537e+02 1.856720e+01 -9.034294e-03 -3.089339e-02 2.170792e-06 
2.004476e+01 1.438056e+02 1.869186e+01 -9.313424e-03 -3.185445e-02 2.237669e-06 
2.064360e+01 1.442569e+02 1.881639e+01 -9.592215e-03 -3.281506e-02 2.304458e-06 
2.124170e+01 1.447076e+02 1.894080e+01 -9.870650e-03 -3.377518e-02 2.371156e-06 
2.183904e+01 1.451579e+02 1.906508e+01 -1.014871e-02 -3.473480e-02 2.437760e-06 
2.243558e+01 1.456075e+02 1.918921e+01 -1.042639e-02 -3.569390e-02 2.504268e-06 
2.303132e+01 1.460566e+02 1.931321e+01 -1.070366e-02 -3.665246e-02 2.570676e-06 
2.362623e+01 1.465051e+02 1.943707e+01 -1.098051e-02 -3.761044e-02 2.636984e-06 
2.422030e+01 1.469529e+02 1.956077e+01 -1.125691e-02 -3.856784e-02 2.703187e-06 
2.481350e+01 1.474002e+02 1.968432e+01 -1.153287e-02 -3.952463e-02 2.769283e-06 
2.540583e+01 1.478468e+02 1.980772e+01 -1.180835e-02 -4.048077e-02 2.835270e-06 
2.599724e+01 1.482927e+02 1.993095e+01 -1.208333e-02 -4.143626e-02 2.901145e-06 
2.658774e+01 1.487380e+02 2.005402e+01 -1.235781e-02 -4.239107e-02 2.966906e-06 
2.717730e+01 1.491826e+02 2.017692e+01 -1.263175e-02 -4.334517e-02 3.032549e-06 
2.776591e+01 1.496265e+02 2.029965e+01 -1.290515e-02 -4.429853e-02 3.098072e-06 
2.835354e+01 1.500696e+02 2.042220e+01 -1.317798e-02 -4.525114e-02 3.163472e-06 
2.894017e+01 1.505121e+02 2.054456e+01 -1.345022e-02 -4.620297e-02 3.228748e-06 
2.952579e+01 1.509538e+02 2.066674e+01 -1.372185e-02 -4.715398e-02 3.293896e-06 
3.011039e+01 1.513948e+02 2.078873e+01 -1.399286e-02 -4.810416e-02 3.358913e-06 
3.069393e+01 1.518350e+02 2.091052e+01 -1.426322e-02 -4.905348e-02 3.423798e-06 
3.127641e+01 1.522744e+02 2.103211e+01 -1.453290e-02 -5.000192e-02 3.488547e-06 
3.185781e+01 1.527130e+02 2.115350e+01 -1.480190e-02 -5.094943e-02 3.553158e-06 
3.243811e+01 1.531508e+02 2.127468e+01 -1.507019e-02 -5.189601e-02 3.617629e-06 
3.301730e+01 1.535878e+02 2.139565e+01 -1.533774e-02 -5.284162e-02 3.681956e-06 
3.359534e+01 1.540239e+02 2.151640e+01 -1.560453e-02 -5.378622e-02 3.746138e-06 
3.417224e+01 1.544592e+02 2.163693e+01 -1.587055e-02 -5.472980e-02 3.810171e-06 
3.474797e+01 1.548936e+02 2.175724e+01 -1.613576e-02 -5.567233e-02 3.874053e-06 
3.532252e+01 1.553272e+02 2.187731e+01 -1.640015e-02 -5.661377e-02 3.937782e-06 
3.589586e+01 1.557598e+02 2.199715e+01 -1.666369e-02 -5.755410e-02 4.001355e-06 
3.646799e+01 1.561916e+02 2.211675e+01 -1.692636e-02 -5.849329e-02 4.064769e-06 
3.703888e+01 1.566224e+02 2.223611e+01 -1.718814e-02 -5.943130e-02 4.128021e-06 
3.760852e+01 1.570523e+02 2.235522e+01 -1.744899e-02 -6.036811e-02 4.191111e-06 
3.817690e+01 1.574813e+02 2.247407e+01 -1.770890e-02 -6.130369e-02 4.254033e-06 
3.874399e+01 1.579093e+02 2.259267e+01 -1.796784e-02 -6.223800e-02 4.316787e-06 
3.930978e+01 1.583363e+02 2.271101e+01 -1.822579e-02 -6.317102e-02 4.379370e-06 
3.987426e+01 1.587623e+02 2.282909e+01 -1.848271e-02 -6.410272e-02 4.441778e-06 
4.043741e+01 1.591874e+02 2.294689e+01 -1.873859e-02 -6.503305e-02 4.504010e-06 
4.099921e+01 1.596114e+02 2.306442e+01 -1.899339e-02 -6.596200e-02 4.566063e-06 
4.155965e+01 1.600344e+02 2.318167e+01 -1.924710e-02 -6.688952e-02 4.627935e-06 
4.211872e+01 1.604564e+02 2.329864e+01 -1.949968e-02 -6.781559e-02 4.689622e-06 
4.267639e+01 1.608773e+02 2.341532e+01 -1.975110e-02 -6.874018e-02 4.751123e-06 
4.323265e+01 1.612972e+02 2.353171e+01 -2.000134e-02 -6.966324e-02 4.812434e-06 
4.378749e+01 1.617160e+02 2.364780e+01 -2.025038e-02 -7.058475e-02 4.873554e-06 
4.434090e+01 1.621337e+02 2.376358e+01 -2.049817e-02 -7.150468e-02 4.934480e-06 
4.489285e+01 1.625503e+02 2.387907e+01 -2.074470e-02 -7.242298e-02 4.995208e-06 
4.544333e+01 1.629657e+02 2.399424e+01 -2.098993e-02 -7.333963e-02 5.055738e-06 
4.599233e+01 1.633801e+02 2.410910e+01 -2.123384e-02 -7.425460e-02 5.116065e-06 
4.653984e+01 1.637933e+02 2.422363e+01 -2.147639e-02 -7.516784e-02 5.176188e-06 
4.708583e+01 1.642054e+02 2.433785e+01 -2.171755e-02 -7.607932e-02 5.236105e-06 
4.763030e+01 1.646163e+02 2.445173e+01 -2.195730e-02 -7.698902e-02 5.295811e-06 
4.817322e+01 1.650261e+02 2.456529e+01 -2.219561e-02 -7.789688e-02 5.355306e-06 
4.871460e+01 1.654346e+02 2.467850e+01 -2.243243e-02 -7.880289e-02 5.414587e-06 
4.925440e+01 1.658420e+02 2.479137e+01 -2.266775e-02 -7.970699e-02 5.473650e-06 
4.979262e+01 1.662482e+02 2.490390e+01 -2.290152e-02 -8.060917e-02 5.532494e-06 
5.032924e+01 1.666531e+02 2.501607e+01 -2.313372e-02 -8.150938e-02 5.591116e-06 
5.086425e+01 1.670568e+02 2.512789e+01 -2.336431e-02 -8.240758e-02 5.649513e-06 
5.139764e+01 1.674593e+02 2.523935e+01 -2.359326e-02 -8.330374e-02 5.707683e-06 
5.192938e+01 1.678605e+02 2.535045e+01 -2.382054e-02 -8.419782e-02 5.765623e-06 
5.245948e+01 1.682604e+02 2.546117e+01 -2.404611e-02 -8.508978e-02 5.823331e-06 
5.298790e+01 1.686590e+02 2.557152e+01 -2.426994e-02 -8.597960e-02 5.880805e-06 
5.351465e+01 1.690564e+02 2.568149e+01 -2.449199e-02 -8.686723e-02 5.938041e-06 
5.403970e+01 1.694525e+02 2.579108e+01 -2.471223e-02 -8.775263e-02 5.995038e-06 
5.456305e+01 1.698472e+02 2.590029e+01 -2.493062e-02 -8.863577e-02 6.051792e-06 
5.508467e+01 1.702406e+02 2.600910e+01 -2.514713e-02 -8.951661e-02 6.108301e-06 
5.560456e+01 1.706327e+02 2.611751e+01 -2.536171e-02 -9.039511e-02 6.164563e-06 
5.612271e+01 1.710235e+02 2.622553e+01 -2.557434e-02 -9.127123e-02 6.220575e-06 
5.663909e+01 1.714128e+02 2.633313e+01 -2.578498e-02 -9.214494e-02 6.276335e-06 
5.715369e+01 1.718009e+02 2.644033e+01 -2.599358e-02 -9.301620e-02 6.331839e-06 
5.766651e+01 1.721875e+02 2.654712e+01 -2.620011e-02 -9.388497e-02 6.387086e-06 
5.817753e+01 1.725727e+02 2.665348e+01 -2.640453e-02 -9.475121e-02 6.442073e-06 
5.868673e+01 1.729566e+02 2.675943e+01 -2.660680e-02 -9.561488e-02 6.496797e-06 
5.919411e+01 1.733390e+02 2.686494e+01 -2.680688e-02 -9.647594e-02 6.551256e-06 
5.969965e+01 1.737200e+02 2.697002e+01 -2.700474e-02 -9.733436e-02 6.605448e-06 
6.020333e+01 1.740995e+02 2.707467e+01 -2.720032e-02 -9.819010e-02 6.659368e-06 
6.070514e+01 1.744777e+02 2.717887e+01 -2.739360e-02 -9.904311e-02 6.713016e-06 
6.120508e+01 1.748543e+02 2.728263e+01 -2.758452e-02 -9.989336e-02 6.766388e-06 
6.170312e+01 1.752295e+02 2.738594e+01 -2.777305e-02 -1.007408e-01 6.819483e-06 
6.219926e+01 1.756032e+02 2.748880e+01 -2.795915e-02 -1.015854e-01 6.872296e-06 
6.269348e+01 1.759755e+02 2.759119e+01 -2.814276e-02 -1.024271e-01 6.924826e-06 
6.318577e+01 1.763462e+02 2.769312e+01 -2.832386e-02 -1.032659e-01 6.977070e-06 
6.367612e+01 1.767154e+02 2.779459e+01 -2.850238e-02 -1.041018e-01 7.029026e-06 
6.416450e+01 1.770831e+02 2.789558e+01 -2.867830e-02 -1.049346e-01 7.080691e-06 
6.465092e+01 1.774493e+02 2.799610e+01 -2.885156e-02 -1.057644e-01 7.132061e-06 
6.513536e+01 1.778139e+02 2.809614e+01 -2.902212e-02 -1.065912e-01 7.183136e-06 
6.561780e+01 1.781770e+02 2.819569e+01 -2.918993e-02 -1.074148e-01 7.233911e-06 
6.609823e+01 1.785386e+02 2.829475e+01 -2.935495e-02 -1.082352e-01 7.284385e-06 
6.657663e+01 1.788985e+02 2.839332e+01 -2.951712e-02 -1.090525e-01 7.334554e-06 
6.705301e+01 1.792569e+02 2.849139e+01 -2.967641e-02 -1.098665e-01 7.384417e-06 
6.752734e+01 1.796137e+02 2.858896e+01 -2.983277e-02 -1.106772e-01 7.433970e-06 
6.799960e+01 1.799689e+02 2.868602e+01 -2.998613e-02 -1.114846e-01 7.483210e-06 
6.846980e+01 1.803225e+02 2.878257e+01 -3.013647e-02 -1.122887e-01 7.532136e-06 
6.893790e+01 1.806745e+02 2.887861e+01 -3.028372e-02 -1.130893e-01 7.580744e-06 
6.940391e+01 1.810248e+02 2.897413e+01 -3.042783e-02 -1.138865e-01 7.629031e-06 
6.986781e+01 1.813735e+02 2.906912e+01 -3.056876e-02 -1.146802e-01 7.676995e-06 
7.032958e+01 1.817206e+02 2.916359e+01 -3.070646e-02 -1.154704e-01 7.724634e-06 
7.078921e+01 1.820660e+02 2.925752e+01 -3.084086e-02 -1.162571e-01 7.771944e-06 
7.124670e+01 1.824098e+02 2.935092e+01 -3.097193e-02 -1.170401e-01 7.818923e-06 
7.170202e+01 1.827518e+02 2.944378e+01 -3.109960e-02 -1.178195e-01 7.865567e-06 
7.215516e+01 1.830922e+02 2.953609e+01 -3.122383e-02 -1.185952e-01 7.911875e-06 
7.260611e+01 1.834309e+02 2.962786e+01 -3.134455e-02 -1.193672e-01 7.957843e-06 
7.305485e+01 1.837679e+02 2.971907e+01 -3.146172e-02 -1.201355e-01 8.003469e-06 
7.350139e+01 1.841032e+02 2.980973e+01 -3.157527e-02 -1.208999e-01 8.048750e-06 
7.394569e+01 1.844368e+02 2.989983e+01 -3.168516e-02 -1.216605e-01 8.093683e-06 
7.438774e+01 1.847686e+02 2.998936e+01 -3.179132e-02 -1.224172e-01 8.138265e-06 
7.482754e+01 1.850987e+02 3.007833e+01 -3.189371e-02 -1.231700e-01 8.182493e-06 
7.526507e+01 1.854271e+02 3.016672e+01 -3.199225e-02 -1.239188e-01 8.226365e-06 
7.570032e+01 1.857537e+02 3.025453e+01 -3.208690e-02 -1.246636e-01 8.269878e-06 
7.613327e+01 1.860786e+02 3.034177e+01 -3.217759e-02 -1.254044e-01 8.313028e-06 
7.656391e+01 1.864016e+02 3.042842e+01 -3.226427e-02 -1.261411e-01 8.355813e-06 
7.699222e+01 1.867229e+02 3.051449e+01 -3.234687e-02 -1.268737e-01 8.398231e-06 
7.741819e+01 1.870424e+02 3.059996e+01 -3.242534e-02 -1.276021e-01 8.440278e-06 
7.784182e+01 1.873601e+02 3.068483e+01 -3.249961e-02 -1.283263e-01 8.481950e-06 
7.826307e+01 1.876760e+02 3.076911e+01 -3.256962e-02 -1.290463e-01 8.523247e-06 
7.868195e+01 1.879901e+02 3.085279e+01 -3.263532e-02 -1.297620e-01 8.564163e-06 
7.909843e+01 1.883024e+02 3.093585e+01 -3.269663e-02 -1.304733e-01 8.604697e-06 
7.951251e+01 1.886128e+02 3.101831e+01 -3.275349e-02 -1.311804e-01 8.644845e-06 
7.992416e+01 1.889214e+02 3.110015e+01 -3.280584e-02 -1.318830e-01 8.684605e-06 
8.033338e+01 1.892282e+02 3.118137e+01 -3.285362e-02 -1.325812e-01 8.723974e-06 
8.074014e+01 1.895331e+02 3.126198e+01 -3.289675e-02 -1.332749e-01 8.762947e-06 
8.114444e+01 1.898361e+02 3.134195e+01 -3.293518e-02 -1.339641e-01 8.801524e-06 
8.154626e+01 1.901373e+02 3.142130e+01 -3.296884e-02 -1.346488e-01 8.839699e-06 
8.194558e+01 1.904366e+02 3.150002e+01 -3.299766e-02 -1.353289e-01 8.877471e-06 
8.234240e+01 1.907340e+02 3.157810e+01 -3.302157e-02 -1.360044e-01 8.914836e-06 
8.273669e+01 1.910295e+02 3.165554e+01 -3.304050e-02 -1.366752e-01 8.951792e-06 
8.312844e+01 1.913231e+02 3.173234e+01 -3.305439e-02 -1.373413e-01 8.988334e-06 
8.351763e+01 1.916148e+02 3.180849e+01 -3.306317e-02 -1.380027e-01 9.024461e-06 
8.390426e+01 1.919046e+02 3.188399e+01 -3.306677e-02 -1.386593e-01 9.060169e-06 
8.428830e+01 1.921925e+02 3.195884e+01 -3.306511e-02 -1.393111e-01 9.095454e-06 
8.466974e+01 1.924784e+02 3.203303e+01 -3.305813e-02 -1.399580e-01 9.130314e-06 
8.504857e+01 1.927624e+02 3.210656e+01 -3.304576e-02 -1.406001e-01 9.164745e-06 
8.542476e+01 1.930444e+02 3.217944e+01 -3.302792e-02 -1.412373e-01 9.198745e-06 
8.579831e+01 1.933245e+02 3.225164e+01 -3.300454e-02 -1.418695e-01 9.232310e-06 
8.616919e+01 1.936027e+02 3.232317e+01 -3.297555e-02 -1.424967e-01 9.265437e-06 
8.653740e+01 1.938788e+02 3.239404e+01 -3.294087e-02 -1.431190e-01 9.298122e-06 
8.690291e+01 1.941530e+02 3.246422e+01 -3.290044e-02 -1.437361e-01 9.330363e-06 
8.726571e+01 1.944252e+02 3.253373e+01 -3.285417e-02 -1.443482e-01 9.362157e-06 
8.762578e+01 1.946954e+02 3.260256e+01 -3.280199e-02 -1.449552e-01 9.393499e-06 
8.798310e+01 1.949637e+02 3.267070e+01 -3.274383e-02 -1.455570e-01 9.424388e-06 
8.833767e+01 1.952299e+02 3.273816e+01 -3.267961e-02 -1.461537e-01 9.454819e-06 
8.868945e+01 1.954941e+02 3.280492e+01 -3.260926e-02 -1.467451e-01 9.484789e-06 
8.903845e+01 1.957563e+02 3.287099e+01 -3.253269e-02 -1.473313e-01 9.514295e-06 
8.938463e+01 1.960165e+02 3.293637e+01 -3.244983e-02 -1.479121e-01 9.543334e-06 
8.972798e+01 1.962746e+02 3.300105e+01 -3.236061e-02 -1.484877e-01 9.571903e-06 
9.006848e+01 1.965307e+02 3.306502e+01 -3.226494e-02 -1.490580e-01 9.599997e-06 
9.040613e+01 1.967848e+02 3.312829e+01 -3.216275e-02 -1.496228e-01 9.627615e-06 
9.074089e+01 1.970368e+02 3.319085e+01 -3.205396e-02 -1.501823e-01 9.654752e-06 
9.107275e+01 1.972868e+02 3.325271e+01 -3.193848e-02 -1.507364e-01 9.681405e-06 
9.140169e+01 1.975347e+02 3.331385e+01 -3.181625e-02 -1.512849e-01 9.707571e-06 
9.172770e+01 1.977805e+02 3.337427e+01 -3.168717e-02 -1.518280e-01 9.733247e-06 
9.205075e+01 1.980243e+02 3.343398e+01 -3.155118e-02 -1.523656e-01 9.758429e-06 
9.237083e+01 1.982660e+02 3.349297e+01 -3.140818e-02 -1.528976e-01 9.783113e-06 
9.268793e+01 1.985056e+02 3.355124e+01 -3.125811e-02 -1.534241e-01 9.807298e-06 
9.300201e+01 1.987431e+02 3.360878e+01 -3.110087e-02 -1.539450e-01 9.830978e-06 
9.331307e+01 1.989785e+02 3.366559e+01 -3.093638e-02 -1.544602e-01 9.854152e-06 
9.362107e+01 1.992118e+02 3.372168e+01 -3.076458e-02 -1.549699e-01 9.876815e-06 
9.392602e+01 1.994430e+02 3.377703e+01 -3.058536e-02 -1.554738e-01 9.898964e-06 
9.422787e+01 1.996720e+02 3.383165e+01 -3.039866e-02 -1.559721e-01 9.920596e-06 
9.452663e+01 1.998990e+02 3.388553e+01 -3.020438e-02 -1.564646e-01 9.941707e-06 
9.482225e+01 2.001238e+02 3.393868e+01 -3.000246e-02 -1.569514e-01 9.962295e-06 
9.511474e+01 2.003465e+02 3.399108e+01 -2.979279e-02 -1.574324e-01 9.982356e-06 
9.540405e+01 2.005671e+02 3.404275e+01 -2.957531e-02 -1.579077e-01 1.000189e-05 
9.569019e+01 2.007855e+02 3.409367e+01 -2.934993e-02 -1.583771e-01 1.002088e-05 
9.597312e+01 2.010017e+02 3.414384e+01 -2.911656e-02 -1.588408e-01 1.003934e-05 
9.625282e+01 2.012158e+02 3.419326e+01 -2.887513e-02 -1.592986e-01 1.005726e-05 
9.652928e+01 2.014277e+02 3.424194e+01 -2.862554e-02 -1.597505e-01 1.007464e-05 
9.680247e+01 2.016375e+02 3.428986e+01 -2.836773e-02 -1.601966e-01 1.009146e-05 
9.707238e+01 2.018451e+02 3.433703e+01 -2.810160e-02 -1.606367e-01 1.010774e-05 
9.733897e+01 2.020505e+02 3.438345e+01 -2.782707e-02 -1.610710e-01 1.012347e-05 
9.760224e+01 2.022538e+02 3.442911e+01 -2.754406e-02 -1.614993e-01 1.013864e-05 
9.786215e+01 2.024548e+02 3.447401e+01 -2.725248e-02 -1.619217e-01 1.015324e-05 
9.811869e+01 2.026537e+02 3.451815e+01 -2.695226e-02 -1.623382e-01 1.016729e-05 
9.837184e+01 2.028503e+02 3.456153e+01 -2.664331e-02 -1.627487e-01 1.018077e-05 
9.862156e+01 2.030448e+02 3.460415e+01 -2.632555e-02 -1.631532e-01 1.019368e-05 
9.886785e+01 2.032370e+02 3.464601e+01 -2.599890e-02 -1.635517e-01 1.020602e-05 
9.911068e+01 2.034270e+02 3.468710e+01 -2.566327e-02 -1.639443e-01 1.021778e-05 
9.935003e+01 2.036149e+02 3.472742e+01 -2.531858e-02 -1.643308e-01 1.022896e-05 
9.958587e+01 2.038004e+02 3.476698e+01 -2.496476e-02 -1.647113e-01 1.023956e-05 
9.981818e+01 2.039838e+02 3.480576e+01 -2.460171e-02 -1.650858e-01 1.024958e-05 
1.000469e+02 2.041649e+02 3.484378e+01 -2.422937e-02 -1.654543e-01 1.025901e-05 
1.002721e+02 2.043438e+02 3.488103e+01 -2.384764e-02 -1.658167e-01 1.026785e-05 
1.004937e+02 2.045205e+02 3.491750e+01 -2.345645e-02 -1.661732e-01 1.027610e-05 
1.007117e+02 2.046949e+02 3.495320e+01 -2.305573e-02 -1.665235e-01 1.028375e-05 
1.009260e+02 2.048670e+02 3.498813e+01 -2.264538e-02 -1.668679e-01 1.029080e-05 
1.011366e+02 2.050369e+02 3.502229e+01 -2.222534e-02 -1.672062e-01 1.029725e-05 
1.013436e+02 2.052046e+02 3.505566e+01 -2.179552e-02 -1.675384e-01 1.030309e-05 
1.015468e+02 2.053699e+02 3.508827e+01 -2.135584e-02 -1.678646e-01 1.030833e-05 
1.017463e+02 2.055330e+02 3.512009e+01 -2.090624e-02 -1.681848e-01 1.031296e-05 
1.019421e+02 2.056939e+02 3.515114e+01 -2.044663e-02 -1.684989e-01 1.031698e-05 
1.021340e+02 2.058524e+02 3.518141e+01 -1.997694e-02 -1.688071e-01 1.032038e-05 
1.023221e+02 2.060087e+02 3.521091e+01 -1.949709e-02 -1.691091e-01 1.032317e-05 
1.025064e+02 2.061627e+02 3.523962e+01 -1.900701e-02 -1.694052e-01 1.032533e-05 
1.026868e+02 2.063144e+02 3.526756e+01 -1.850662e-02 -1.696953e-01 1.032688e-05 
1.028634e+02 2.064638e+02 3.529472e+01 -1.799586e-02 -1.699794e-01 1.032780e-05 
1.030360e+02 2.066109e+02 3.532109e+01 -1.747465e-02 -1.702574e-01 1.032809e-05 
1.032047e+02 2.067557e+02 3.534669e+01 -1.694292e-02 -1.705295e-01 1.032776e-05 
1.033694e+02 2.068982e+02 3.537151e+01 -1.640060e-02 -1.707957e-01 1.032679e-05 
1.035301e+02 2.070384e+02 3.539555e+01 -1.584762e-02 -1.710559e-01 1.032520e-05 
1.036868e+02 2.071763e+02 3.541880e+01 -1.528392e-02 -1.713101e-01 1.032297e-05 
1.038395e+02 2.073118e+02 3.544128e+01 -1.470942e-02 -1.715584e-01 1.032010e-05 
1.039881e+02 2.074451e+02 3.546298e+01 -1.412407e-02 -1.718009e-01 1.031660e-05 
1.041326e+02 2.075760e+02 3.548390e+01 -1.352779e-02 -1.720375e-01 1.031245e-05 
1.042730e+02 2.077046e+02 3.550404e+01 -1.292052e-02 -1.722682e-01 1.030767e-05 
1.044092e+02 2.078308e+02 3.552340e+01 -1.230221e-02 -1.724930e-01 1.030225e-05 
1.045413e+02 2.079548e+02 3.554198e+01 -1.167279e-02 -1.727121e-01 1.029618e-05 
1.046691e+02 2.080763e+02 3.555978e+01 -1.103220e-02 -1.729254e-01 1.028947e-05 
1.047928e+02 2.081956e+02 3.557681e+01 -1.038038e-02 -1.731329e-01 1.028211e-05 
1.049121e+02 2.083125e+02 3.559306e+01 -9.717279e-03 -1.733347e-01 1.027411e-05 
1.050273e+02 2.084270e+02 3.560853e+01 -9.042839e-03 -1.735308e-01 1.026546e-05 
1.051380e+02 2.085392e+02 3.562323e+01 -8.357005e-03 -1.737212e-01 1.025616e-05 
1.052445e+02 2.086490e+02 3.563715e+01 -7.659726e-03 -1.739060e-01 1.024621e-05 
1.053466e+02 2.087565e+02 3.565029e+01 -6.950951e-03 -1.740851e-01 1.023562e-05 
1.054443e+02 2.088616e+02 3.566266e+01 -6.230631e-03 -1.742587e-01 1.022437e-05 
1.055376e+02 2.089644e+02 3.567426e+01 -5.498718e-03 -1.744268e-01 1.021248e-05 
1.056264e+02 2.090647e+02 3.568509e+01 -4.755166e-03 -1.745894e-01 1.019993e-05 
1.057108e+02 2.091628e+02 3.569514e+01 -3.999932e-03 -1.747466e-01 1.018673e-05 
1.057907e+02 2.092584e+02 3.570443e+01 -3.232973e-03 -1.748983e-01 1.017289e-05 
1.058661e+02 2.093516e+02 3.571294e+01 -2.454248e-03 -1.750447e-01 1.015840e-05 
1.059369e+02 2.094425e+02 3.572069e+01 -1.663720e-03 -1.751857e-01 1.014325e-05 
1.060031e+02 2.095310e+02 3.572768e+01 -8.613520e-04 -1.753215e-01 1.012746e-05 
1.060647e+02 2.096171e+02 3.573389e+01 -4.710874e-05 -1.754521e-01 1.011102e-05 
1.061217e+02 2.097008e+02 3.573935e+01 7.790420e-04 -1.755775e-01 1.009394e-05 
1.061740e+02 2.097821e+02 3.574404e+01 1.617131e-03 -1.756978e-01 1.007621e-05 
1.062216e+02 2.098610e+02 3.574797e+01 2.467186e-03 -1.758130e-01 1.005783e-05 
1.062645e+02 2.099376e+02 3.575114e+01 3.329233e-03 -1.759232e-01 1.003881e-05 
1.063026e+02 2.100117e+02 3.575355e+01 4.203297e-03 -1.760284e-01 1.001915e-05 
1.063360e+02 2.100834e+02 3.575521e+01 5.089399e-03 -1.761288e-01 9.998853e-06 
1.063645e+02 2.101527e+02 3.575612e+01 5.987559e-03 -1.762243e-01 9.977916e-06 
1.063883e+02 2.102196e+02 3.575627e+01 6.897793e-03 -1.763151e-01 9.956343e-06 
1.064072e+02 2.102841e+02 3.575567e+01 7.820117e-03 -1.764011e-01 9.934136e-06 
1.064211e+02 2.103462e+02 3.575432e+01 8.754543e-03 -1.764826e-01 9.911299e-06 
1.064302e+02 2.104058e+02 3.575222e+01 9.701079e-03 -1.765594e-01 9.887833e-06 
1.064343e+02 2.104631e+02 3.574938e+01 1.065973e-02 -1.766318e-01 9.863742e-06 
1.064335e+02 2.105179e+02 3.574580e+01 1.163051e-02 -1.766997e-01 9.839028e-06 
1.064276e+02 2.105703e+02 3.574147e+01 1.261342e-02 -1.767632e-01 9.813695e-06 
1.064168e+02 2.106202e+02 3.573641e+01 1.360844e-02 -1.768225e-01 9.787747e-06 
1.064009e+02 2.106678e+02 3.573061e+01 1.461559e-02 -1.768776e-01 9.761186e-06 
1.063798e+02 2.107129e+02 3.572408e+01 1.563486e-02 -1.769286e-01 9.734017e-06 
1.063537e+02 2.107555e+02 3.571681e+01 1.666623e-02 -1.769755e-01 9.706244e-06 
1.063225e+02 2.107958e+02 3.570882e+01 1.770969e-02 -1.770184e-01 9.677871e-06 
1.062861e+02 2.108336e+02 3.570010e+01 1.876523e-02 -1.770575e-01 9.648903e-06 
1.062444e+02 2.108689e+02 3.569065e+01 1.983284e-02 -1.770928e-01 9.619344e-06 
1.061976e+02 2.109018e+02 3.568049e+01 2.091248e-02 -1.771244e-01 9.589199e-06 
1.061455e+02 2.109323e+02 3.566960e+01 2.200415e-02 -1.771524e-01 9.558474e-06 
1.060882e+02 2.109603e+02 3.565800e+01 2.310780e-02 -1.771768e-01 9.527173e-06 
1.060255e+02 2.109858e+02 3.564569e+01 2.422342e-02 -1.771979e-01 9.495303e-06 
1.059575e+02 2.110089e+02 3.563266e+01 2.535096e-02 -1.772156e-01 9.462869e-06 
1.058842e+02 2.110296e+02 3.561893e+01 2.649040e-02 -1.772300e-01 9.429878e-06 
1.058055e+02 2.110478e+02 3.560449e+01 2.764169e-02 -1.772414e-01 9.396335e-06 
1.057214e+02 2.110635e+02 3.558934e+01 2.880478e-02 -1.772497e-01 9.362248e-06 
1.056318e+02 2.110768e+02 3.557350e+01 2.997964e-02 -1.772551e-01 9.327622e-06 
1.055368e+02 2.110876e+02 3.555697e+01 3.116622e-02 -1.772577e-01 9.292466e-06 
1.054363e+02 2.110959e+02 3.553974e+01 3.236446e-02 -1.772576e-01 9.256787e-06 
1.053303e+02 2.111018e+02 3.552182e+01 3.357430e-02 -1.772548e-01 9.220591e-06 
1.052187e+02 2.111052e+02 3.550321e+01 3.479569e-02 -1.772496e-01 9.183887e-06 
1.051016e+02 2.111061e+02 3.548392e+01 3.602857e-02 -1.772420e-01 9.146683e-06 
1.049789e+02 2.111045e+02 3.546395e+01 3.727286e-02 -1.772321e-01 9.108987e-06 
1.048506e+02 2.111005e+02 3.544331e+01 3.852850e-02 -1.772201e-01 9.070808e-06 
1.047167e+02 2.110940e+02 3.542199e+01 3.979541e-02 -1.772060e-01 9.032154e-06 
1.045770e+02 2.110850e+02 3.540000e+01 4.107352e-02 -1.771901e-01 8.993035e-06 
1.044318e+02 2.110735e+02 3.537734e+01 4.236274e-02 -1.771723e-01 8.953459e-06 
1.042807e+02 2.110596e+02 3.535402e+01 4.366299e-02 -1.771529e-01 8.913437e-06 
1.041240e+02 2.110431e+02 3.533004e+01 4.497418e-02 -1.771320e-01 8.872979e-06 
1.039615e+02 2.110242e+02 3.530541e+01 4.629623e-02 -1.771096e-01 8.832093e-06 
1.037932e+02 2.110028e+02 3.528012e+01 4.762903e-02 -1.770860e-01 8.790792e-06 
1.036191e+02 2.109789e+02 3.525418e+01 4.897248e-02 -1.770612e-01 8.749084e-06 
1.034392e+02 2.109525e+02 3.522760e+01 5.032648e-02 -1.770354e-01 8.706982e-06 
1.032535e+02 2.109235e+02 3.520038e+01 5.169093e-02 -1.770087e-01 8.664496e-06 
1.030618e+02 2.108921e+02 3.517252e+01 5.306571e-02 -1.769813e-01 8.621637e-06 
1.028643e+02 2.108582e+02 3.514403e+01 5.445071e-02 -1.769532e-01 8.578418e-06 
1.026609e+02 2.108218e+02 3.511491e+01 5.584580e-02 -1.769247e-01 8.534849e-06 
1.024515e+02 2.107829e+02 3.508516e+01 5.725087e-02 -1.768959e-01 8.490944e-06 
1.022362e+02 2.107415e+02 3.505480e+01 5.866580e-02 -1.768668e-01 8.446714e-06 
1.020149e+02 2.106975e+02 3.502381e+01 6.009044e-02 -1.768378e-01 8.402173e-06 
1.017876e+02 2.106511e+02 3.499221e+01 6.152466e-02 -1.768088e-01 8.357332e-06 
1.015543e+02 2.106021e+02 3.496000e+01 6.296833e-02 -1.767801e-01 8.312206e-06 
1.013149e+02 2.105507e+02 3.492719e+01 6.442130e-02 -1.767518e-01 8.266807e-06 
1.010695e+02 2.104967e+02 3.489377e+01 6.588342e-02 -1.767241e-01 8.221149e-06 
1.008181e+02 2.104402e+02 3.485976e+01 6.735455e-02 -1.766971e-01 8.175246e-06 
1.005605e+02 2.103811e+02 3.482516e+01 6.883453e-02 -1.766709e-01 8.129112e-06 
1.002968e+02 2.103196e+02 3.478996e+01 7.032321e-02 -1.766457e-01 8.082761e-06 
1.000270e+02 2.102555e+02 3.475418e+01 7.182041e-02 -1.766217e-01 8.036208e-06 
9.975109e+01 2.101889e+02 3.471783e+01 7.332597e-02 -1.765991e-01 7.989467e-06 
9.946899e+01 2.101197e+02 3.468089e+01 7.483972e-02 -1.765779e-01 7.942554e-06 
9.918073e+01 2.100481e+02 3.464338e+01 7.636149e-02 -1.765584e-01 7.895484e-06 
9.888627e+01 2.099739e+02 3.460531e+01 7.789110e-02 -1.765407e-01 7.848272e-06 
9.858561e+01 2.098971e+02 3.456667e+01 7.942836e-02 -1.765249e-01 7.800934e-06 
9.827874e+01 2.098178e+02 3.452748e+01 8.097308e-02 -1.765113e-01 7.753485e-06 
9.796563e+01 2.097360e+02 3.448773e+01 8.252508e-02 -1.765000e-01 7.705942e-06 
9.764628e+01 2.096517e+02 3.444743e+01 8.408416e-02 -1.764912e-01 7.658320e-06 
9.732067e+01 2.095648e+02 3.440659e+01 8.565013e-02 -1.764850e-01 7.610637e-06 
9.698879e+01 2.094753e+02 3.436520e+01 8.722277e-02 -1.764816e-01 7.562908e-06 
9.665063e+01 2.093833e+02 3.432328e+01 8.880188e-02 -1.764812e-01 7.515151e-06 
9.630618e+01 2.092888e+02 3.428083e+01 9.038725e-02 -1.764839e-01 7.467383e-06 
9.595543e+01 2.091917e+02 3.423785e+01 9.197866e-02 -1.764900e-01 7.419620e-06 
9.559836e+01 2.090920e+02 3.419434e+01 9.357591e-02 -1.764995e-01 7.371879e-06 
9.523498e+01 2.089898e+02 3.415032e+01 9.517875e-02 -1.765127e-01 7.324179e-06 
9.486526e+01 2.088850e+02 3.410579e+01 9.678697e-02 -1.765297e-01 7.276537e-06 
9.448921e+01 2.087777e+02 3.406074e+01 9.840033e-02 -1.765507e-01 7.228970e-06 
9.410681e+01 2.086678e+02 3.401519e+01 1.000186e-01 -1.765759e-01 7.181496e-06 
9.371805e+01 2.085553e+02 3.396914e+01 1.016415e-01 -1.766055e-01 7.134134e-06 
9.332294e+01 2.084403e+02 3.392259e+01 1.032689e-01 -1.766395e-01 7.086900e-06 
9.292147e+01 2.083227e+02 3.387556e+01 1.049005e-01 -1.766783e-01 7.039814e-06 
9.251362e+01 2.082025e+02 3.382803e+01 1.065360e-01 -1.767220e-01 6.992894e-06 
9.209940e+01 2.080797e+02 3.378003e+01 1.081751e-01 -1.767707e-01 6.946157e-06 
9.167881e+01 2.079544e+02 3.373154e+01 1.098177e-01 -1.768247e-01 6.899623e-06 
9.125183e+01 2.078264e+02 3.368259e+01 1.114635e-01 -1.768841e-01 6.853310e-06 
9.081848e+01 2.076959e+02 3.363316e+01 1.131121e-01 -1.769491e-01 6.807235e-06 
9.037874e+01 2.075628e+02 3.358327e+01 1.147634e-01 -1.770198e-01 6.761419e-06 
8.993261e+01 2.074272e+02 3.353292e+01 1.164170e-01 -1.770965e-01 6.715879e-06 
8.948011e+01 2.072889e+02 3.348212e+01 1.180727e-01 -1.771794e-01 6.670634e-06 
8.902122e+01 2.071480e+02 3.343087e+01 1.197302e-01 -1.772685e-01 6.625703e-06 
8.855594e+01 2.070046e+02 3.337917e+01 1.213892e-01 -1.773641e-01 6.581104e-06 
8.808429e+01 2.068585e+02 3.332703e+01 1.230495e-01 -1.774663e-01 6.536856e-06 
8.760627e+01 2.067098e+02 3.327445e+01 1.247107e-01 -1.775754e-01 6.492978e-06 
8.712186e+01 2.065586e+02 3.322144e+01 1.263726e-01 -1.776915e-01 6.449488e-06 
8.663110e+01 2.064047e+02 3.316800e+01 1.280348e-01 -1.778148e-01 6.406405e-06 
8.613397e+01 2.062482e+02 3.311414e+01 1.296971e-01 -1.779455e-01 6.363748e-06 
8.563048e+01 2.060891e+02 3.305986e+01 1.313591e-01 -1.780837e-01 6.321534e-06 
8.512064e+01 2.059274e+02 3.300516e+01 1.330206e-01 -1.782295e-01 6.279782e-06 
8.460446e+01 2.057631e+02 3.295006e+01 1.346812e-01 -1.783833e-01 6.238511e-06 
8.408195e+01 2.055961e+02 3.289454e+01 1.363407e-01 -1.785452e-01 6.197738e-06 
8.355312e+01 2.054265e+02 3.283863e+01 1.379987e-01 -1.787152e-01 6.157482e-06 
8.301797e+01 2.052543e+02 3.278232e+01 1.396549e-01 -1.788937e-01 6.117761e-06 
8.247652e+01 2.050795e+02 3.272561e+01 1.413090e-01 -1.790807e-01 6.078592e-06 
8.192878e+01 2.049020e+02 3.266852e+01 1.429607e-01 -1.792765e-01 6.039993e-06 
8.137476e+01 2.047219e+02 3.261104e+01 1.446096e-01 -1.794811e-01 6.001982e-06 
8.081448e+01 2.045392e+02 3.255318e+01 1.462555e-01 -1.796949e-01 5.964575e-06 
8.024795e+01 2.043538e+02 3.249495e+01 1.478979e-01 -1.799178e-01 5.927791e-06 
7.967518e+01 2.041657e+02 3.243634e+01 1.495366e-01 -1.801502e-01 5.891646e-06 
7.909620e+01 2.039750e+02 3.237737e+01 1.511712e-01 -1.803921e-01 5.856156e-06 
7.851102e+01 2.037817e+02 3.231803e+01 1.528014e-01 -1.806438e-01 5.821338e-06 
7.791965e+01 2.035857e+02 3.225833e+01 1.544269e-01 -1.809053e-01 5.787208e-06 
7.732213e+01 2.033871e+02 3.219827e+01 1.560473e-01 -1.811769e-01 5.753783e-06 
7.671846e+01 2.031857e+02 3.213786e+01 1.576622e-01 -1.814586e-01 5.721077e-06 
7.610866e+01 2.029818e+02 3.207710e+01 1.592714e-01 -1.817507e-01 5.689107e-06 
7.549277e+01 2.027751e+02 3.201600e+01 1.608745e-01 -1.820533e-01 5.657887e-06 
7.487080e+01 2.025658e+02 3.195456e+01 1.624711e-01 -1.823666e-01 5.627432e-06 
7.424278e+01 2.023538e+02 3.189278e+01 1.640609e-01 -1.826906e-01 5.597756e-06 
7.360872e+01 2.021391e+02 3.183067e+01 1.656435e-01 -1.830256e-01 5.568874e-06 
7.296867e+01 2.019218e+02 3.176823e+01 1.672187e-01 -1.833716e-01 5.540799e-06 
7.232263e+01 2.017018e+02 3.170546e+01 1.687859e-01 -1.837289e-01 5.513545e-06 
7.167065e+01 2.014790e+02 3.164237e+01 1.703450e-01 -1.840975e-01 5.487125e-06 
7.101274e+01 2.012536e+02 3.157896e+01 1.718955e-01 -1.844776e-01 5.461550e-06 
7.034894e+01 2.010255e+02 3.151523e+01 1.734371e-01 -1.848693e-01 5.436834e-06 
6.967929e+01 2.007947e+02 3.145120e+01 1.749694e-01 -1.852728e-01 5.412988e-06 
6.900380e+01 2.005612e+02 3.138685e+01 1.764921e-01 -1.856882e-01 5.390022e-06 
6.832251e+01 2.003249e+02 3.132220e+01 1.780048e-01 -1.861155e-01 5.367949e-06 
6.763546e+01 2.000860e+02 3.125724e+01 1.795071e-01 -1.865550e-01 5.346778e-06 
6.694267e+01 1.998444e+02 3.119199e+01 1.809987e-01 -1.870068e-01 5.326520e-06 
6.624420e+01 1.996000e+02 3.112644e+01 1.824793e-01 -1.874709e-01 5.307182e-06 
6.554006e+01 1.993529e+02 3.106060e+01 1.839484e-01 -1.879474e-01 5.288775e-06 
6.483030e+01 1.991031e+02 3.099447e+01 1.854058e-01 -1.884365e-01 5.271307e-06 
6.411496e+01 1.988506e+02 3.092805e+01 1.868510e-01 -1.889384e-01 5.254785e-06 
6.339407e+01 1.985953e+02 3.086134e+01 1.882837e-01 -1.894530e-01 5.239217e-06 
6.266768e+01 1.983373e+02 3.079436e+01 1.897036e-01 -1.899804e-01 5.224608e-06 
6.193582e+01 1.980766e+02 3.072710e+01 1.911102e-01 -1.905209e-01 5.210967e-06 
6.119855e+01 1.978131e+02 3.065956e+01 1.925033e-01 -1.910744e-01 5.198297e-06 
6.045589e+01 1.975469e+02 3.059174e+01 1.938824e-01 -1.916410e-01 5.186603e-06 
5.970791e+01 1.972779e+02 3.052366e+01 1.952472e-01 -1.922209e-01 5.175891e-06 
5.895463e+01 1.970061e+02 3.045531e+01 1.965974e-01 -1.928141e-01 5.166163e-06 
5.819611e+01 1.967317e+02 3.038669e+01 1.979326e-01 -1.934207e-01 5.157423e-06 
5.743240e+01 1.964544e+02 3.031781e+01 1.992524e-01 -1.940407e-01 5.149672e-06 
5.666353e+01 1.961744e+02 3.024866e+01 2.005566e-01 -1.946743e-01 5.142914e-06 
5.588957e+01 1.958916e+02 3.017926e+01 2.018446e-01 -1.953214e-01 5.137148e-06 
5.511056e+01 1.956060e+02 3.010960e+01 2.031163e-01 -1.959822e-01 5.132375e-06 
5.432655e+01 1.953177e+02 3.003968e+01 2.043712e-01 -1.966567e-01 5.128595e-06 
5.353760e+01 1.950266e+02 2.996951e+01 2.056089e-01 -1.973449e-01 5.125807e-06 
5.274376e+01 1.947327e+02 2.989909e+01 2.068293e-01 -1.980469e-01 5.124009e-06 
5.194507e+01 1.944360e+02 2.982842e+01 2.080318e-01 -1.987628e-01 5.123199e-06 
5.114161e+01 1.941365e+02 2.975750e+01 2.092162e-01 -1.994925e-01 5.123373e-06 
5.033341e+01 1.938343e+02 2.968634e+01 2.103821e-01 -2.002361e-01 5.124528e-06 
4.952054e+01 1.935292e+02 2.961493e+01 2.115292e-01 -2.009936e-01 5.126658e-06 
4.870307e+01 1.932213e+02 2.954327e+01 2.126571e-01 -2.017651e-01 5.129760e-06 
4.788103e+01 1.929106e+02 2.947138e+01 2.137656e-01 -2.025505e-01 5.133826e-06 
4.705450e+01 1.925972e+02 2.939924e+01 2.148542e-01 -2.033499e-01 5.138849e-06 
4.622354e+01 1.922809e+02 2.932687e+01 2.159227e-01 -2.041632e-01 5.144823e-06 
4.538821e+01 1.919617e+02 2.925425e+01 2.169707e-01 -2.049905e-01 5.151739e-06 
4.454857e+01 1.916398e+02 2.918140e+01 2.179980e-01 -2.058318e-01 5.159587e-06 
4.370468e+01 1.913151e+02 2.910832e+01 2.190041e-01 -2.066871e-01 5.168358e-06 
4.285661e+01 1.909875e+02 2.903499e+01 2.199888e-01 -2.075563e-01 5.178040e-06 
4.200442e+01 1.906571e+02 2.896144e+01 2.209517e-01 -2.084394e-01 5.188623e-06 
4.114818e+01 1.903238e+02 2.888765e+01 2.218926e-01 -2.093365e-01 5.200095e-06 
4.028796e+01 1.899877e+02 2.881362e+01 2.228112e-01 -2.102474e-01 5.212441e-06 
3.942382e+01 1.896488e+02 2.873936e+01 2.237071e-01 -2.111721e-01 5.225649e-06 
3.855584e+01 1.893071e+02 2.866488e+01 2.245800e-01 -2.121107e-01 5.239703e-06 
3.768408e+01 1.889625e+02 2.859016e+01 2.254296e-01 -2.130629e-01 5.254589e-06 
3.680862e+01 1.886150e+02 2.851520e+01 2.262558e-01 -2.140289e-01 5.270290e-06 
3.592952e+01 1.882647e+02 2.844002e+01 2.270580e-01 -2.150085e-01 5.286788e-06 
3.504686e+01 1.879115e+02 2.836461e+01 2.278362e-01 -2.160017e-01 5.304067e-06 
3.416072e+01 1.875555e+02 2.828896e+01 2.285900e-01 -2.170084e-01 5.322108e-06 
3.327115e+01 1.871966e+02 2.821309e+01 2.293190e-01 -2.180285e-01 5.340891e-06 
3.237825e+01 1.868349e+02 2.813698e+01 2.300232e-01 -2.190620e-01 5.360396e-06 
3.148209e+01 1.864703e+02 2.806064e+01 2.307021e-01 -2.201087e-01 5.380603e-06 
3.058274e+01 1.861028e+02 2.798408e+01 2.313556e-01 -2.211686e-01 5.401489e-06 
2.968027e+01 1.857324e+02 2.790727e+01 2.319833e-01 -2.222416e-01 5.423032e-06 
2.877478e+01 1.853592e+02 2.783024e+01 2.325850e-01 -2.233275e-01 5.445209e-06 
2.786633e+01 1.849831e+02 2.775298e+01 2.331605e-01 -2.244263e-01 5.467996e-06 
2.695501e+01 1.846041e+02 2.767548e+01 2.337095e-01 -2.255378e-01 5.491368e-06 
2.604090e+01 1.842223e+02 2.759775e+01 2.342319e-01 -2.266620e-01 5.515300e-06 
2.512407e+01 1.838375e+02 2.751978e+01 2.347272e-01 -2.277987e-01 5.539765e-06 
2.420462e+01 1.834499e+02 2.744158e+01 2.351954e-01 -2.289477e-01 5.564737e-06 
2.328262e+01 1.830594e+02 2.736314e+01 2.356362e-01 -2.301089e-01 5.590188e-06 
2.235815e+01 1.826660e+02 2.728446e+01 2.360494e-01 -2.312823e-01 5.616089e-06 
2.143130e+01 1.822697e+02 2.720555e+01 2.364348e-01 -2.324676e-01 5.642412e-06 
2.050216e+01 1.818705e+02 2.712639e+01 2.367921e-01 -2.336646e-01 5.669126e-06 
1.957081e+01 1.814685e+02 2.704700e+01 2.371212e-01 -2.348733e-01 5.696202e-06 
1.863733e+01 1.810635e+02 2.696736e+01 2.374219e-01 -2.360934e-01 5.723607e-06 
1.770181e+01 1.806556e+02 2.688748e+01 2.376939e-01 -2.373248e-01 5.751310e-06 
1.676434e+01 1.802449e+02 2.680735e+01 2.379372e-01 -2.385673e-01 5.779280e-06 
1.582501e+01 1.798312e+02 2.672698e+01 2.381515e-01 -2.398207e-01 5.807482e-06 
1.488390e+01 1.794146e+02 2.664636e+01 2.383366e-01 -2.410849e-01 5.835883e-06 
1.394111e+01 1.789952e+02 2.656549e+01 2.384925e-01 -2.423595e-01 5.864449e-06 
1.299672e+01 1.785728e+02 2.648437e+01 2.386189e-01 -2.436445e-01 5.893144e-06 
1.205082e+01 1.781476e+02 2.640300e+01 2.387156e-01 -2.449397e-01 5.921934e-06 
1.110351e+01 1.777194e+02 2.632137e+01 2.387826e-01 -2.462447e-01 5.950782e-06 
1.015487e+01 1.772883e+02 2.623949e+01 2.388197e-01 -2.475595e-01 5.979652e-06 
9.204997e+00 1.768544e+02 2.615734e+01 2.388267e-01 -2.488837e-01 6.008506e-06 
8.253980e+00 1.764175e+02 2.607494e+01 2.388036e-01 -2.502171e-01 6.037308e-06 
7.301914e+00 1.759778e+02 2.599227e+01 2.387502e-01 -2.515596e-01 6.066018e-06 
6.348889e+00 1.755351e+02 2.590934e+01 2.386664e-01 -2.529108e-01 6.094599e-06 
5.395001e+00 1.750896e+02 2.582614e+01 2.385520e-01 -2.542705e-01 6.123011e-06 
4.440341e+00 1.746411e+02 2.574267e+01 2.384071e-01 -2.556386e-01 6.151215e-06 
3.485005e+00 1.741897e+02 2.565893e+01 2.382314e-01 -2.570146e-01 6.179171e-06 
2.529086e+00 1.737355e+02 2.557491e+01 2.380250e-01 -2.583984e-01 6.206839e-06 
1.572679e+00 1.732784e+02 2.549062e+01 2.377877e-01 -2.597897e-01 6.234177e-06 
6.158790e-01 1.728183e+02 2.540605e+01 2.375194e-01 -2.611883e-01 6.261146e-06 
-3.412191e-01 1.723554e+02 2.532119e+01 2.372201e-01 -2.625937e-01 6.287703e-06 
-1.298520e+00 1.718896e+02 2.523605e+01 2.368897e-01 -2.640059e-01 6.313807e-06 
-2.255927e+00 1.714209e+02 2.515063e+01 2.365282e-01 -2.654244e-01 6.339416e-06 
-3.213344e+00 1.709493e+02 2.506491e+01 2.361355e-01 -2.668490e-01 6.364488e-06 
-4.170677e+00 1.704748e+02 2.497890e+01 2.357116e-01 -2.682794e-01 6.388981e-06 
-5.127827e+00 1.699975e+02 2.489260e+01 2.352565e-01 -2.697154e-01 6.412851e-06 
-6.084699e+00 1.695173e+02 2.480599e+01 2.347700e-01 -2.711565e-01 6.436055e-06 
-7.041195e+00 1.690342e+02 2.471909e+01 2.342523e-01 -2.726025e-01 6.458552e-06 
-7.997219e+00 1.685482e+02 2.463188e+01 2.337032e-01 -2.740531e-01 6.480296e-06 
-8.952674e+00 1.680594e+02 2.454436e+01 2.331228e-01 -2.755080e-01 6.501246e-06 
-9.907462e+00 1.675677e+02 2.445654e+01 2.325111e-01 -2.769668e-01 6.521357e-06 
-1.086149e+01 1.670731e+02 2.436840e+01 2.318681e-01 -2.784292e-01 6.540586e-06 
-1.181465e+01 1.665757e+02 2.427994e+01 2.311938e-01 -2.798949e-01 6.558890e-06 
-1.276686e+01 1.660755e+02 2.419117e+01 2.304882e-01 -2.813636e-01 6.576224e-06 
-1.371801e+01 1.655724e+02 2.410207e+01 2.297513e-01 -2.828349e-01 6.592546e-06 
-1.466800e+01 1.650665e+02 2.401265e+01 2.289832e-01 -2.843084e-01 6.607810e-06 
-1.561675e+01 1.645577e+02 2.392290e+01 2.281840e-01 -2.857839e-01 6.621975e-06 
-1.656415e+01 1.640461e+02 2.383281e+01 2.273537e-01 -2.872611e-01 6.634996e-06 
-1.751011e+01 1.635317e+02 2.374240e+01 2.264922e-01 -2.887394e-01 6.646829e-06 
-1.845452e+01 1.630145e+02 2.365164e+01 2.255998e-01 -2.902186e-01 6.657432e-06 
-1.939730e+01 1.624945e+02 2.356054e+01 2.246765e-01 -2.916984e-01 6.666762e-06 
-2.033834e+01 1.619716e+02 2.346910e+01 2.237223e-01 -2.931784e-01 6.674775e-06 
-2.127754e+01 1.614460e+02 2.337730e+01 2.227373e-01 -2.946581e-01 6.681428e-06 
-2.221482e+01 1.609176e+02 2.328516e+01 2.217216e-01 -2.961373e-01 6.686678e-06 
-2.315008e+01 1.603864e+02 2.319266e+01 2.206753e-01 -2.976156e-01 6.690485e-06 
-2.408321e+01 1.598524e+02 2.309981e+01 2.195986e-01 -2.990926e-01 6.692804e-06 
-2.501413e+01 1.593157e+02 2.300659e+01 2.184915e-01 -3.005680e-01 6.693595e-06 
-2.594273e+01 1.587762e+02 2.291301e+01 2.173541e-01 -3.020413e-01 6.692816e-06 
-2.686893e+01 1.582339e+02 2.281906e+01 2.161866e-01 -3.035122e-01 6.690426e-06 
-2.779262e+01 1.576890e+02 2.272474e+01 2.149890e-01 -3.049803e-01 6.686384e-06 
-2.871371e+01 1.571413e+02 2.263005e+01 2.137616e-01 -3.064452e-01 6.680649e-06 
-2.963212e+01 1.565908e+02 2.253498e+01 2.125045e-01 -3.079065e-01 6.673181e-06 
-3.054773e+01 1.560377e+02 2.243952e+01 2.112178e-01 -3.093640e-01 6.663942e-06 
-3.146047e+01 1.554819e+02 2.234369e+01 2.099016e-01 -3.108171e-01 6.652892e-06 
-3.237023e+01 1.549233e+02 2.224747e+01 2.085562e-01 -3.122655e-01 6.639992e-06 
-3.327693e+01 1.543621e+02 2.215085e+01 2.071817e-01 -3.137088e-01 6.625204e-06 
-3.418047e+01 1.537983e+02 2.205384e+01 2.057783e-01 -3.151466e-01 6.608490e-06 
-3.508076e+01 1.532318e+02 2.195644e+01 2.043461e-01 -3.165785e-01 6.589814e-06 
-3.597771e+01 1.526626e+02 2.185864e+01 2.028854e-01 -3.180042e-01 6.569139e-06 
-3.687122e+01 1.520908e+02 2.176043e+01 2.013962e-01 -3.194232e-01 6.546429e-06 
-3.776122e+01 1.515164e+02 2.166182e+01 1.998789e-01 -3.208351e-01 6.521649e-06 
-3.864760e+01 1.509394e+02 2.156280e+01 1.983337e-01 -3.222396e-01 6.494765e-06 
-3.953028e+01 1.503598e+02 2.146336e+01 1.967606e-01 -3.236363e-01 6.465742e-06 
-4.040917e+01 1.497776e+02 2.136351e+01 1.951601e-01 -3.250247e-01 6.434547e-06 
-4.128418e+01 1.491928e+02 2.126325e+01 1.935322e-01 -3.264045e-01 6.401147e-06 
-4.215523e+01 1.486055e+02 2.116256e+01 1.918771e-01 -3.277753e-01 6.365511e-06 
-4.302222e+01 1.480157e+02 2.106145e+01 1.901952e-01 -3.291367e-01 6.327608e-06 
-4.388507e+01 1.474233e+02 2.095992e+01 1.884867e-01 -3.304883e-01 6.287408e-06 
-4.474370e+01 1.468284e+02 2.085795e+01 1.867518e-01 -3.318297e-01 6.244880e-06 
-4.559803e+01 1.462311e+02 2.075555e+01 1.849907e-01 -3.331605e-01 6.199996e-06 
-4.644796e+01 1.456312e+02 2.065272e+01 1.832037e-01 -3.344803e-01 6.152728e-06 
-4.729341e+01 1.450289e+02 2.054945e+01 1.813911e-01 -3.357888e-01 6.103049e-06 
-4.813431e+01 1.444242e+02 2.044574e+01 1.795530e-01 -3.370855e-01 6.050933e-06 
-4.897056e+01 1.438170e+02 2.034159e+01 1.776899e-01 -3.383700e-01 5.996354e-06 
-4.980210e+01 1.432074e+02 2.023700e+01 1.758019e-01 -3.396421e-01 5.939288e-06 
-5.062883e+01 1.425954e+02 2.013196e+01 1.738893e-01 -3.409012e-01 5.879711e-06 
-5.145069e+01 1.419811e+02 2.002647e+01 1.719524e-01 -3.421471e-01 5.817600e-06 
-5.226758e+01 1.413644e+02 1.992053e+01 1.699915e-01 -3.433793e-01 5.752934e-06 
-5.307944e+01 1.407454e+02 1.981414e+01 1.680069e-01 -3.445974e-01 5.685692e-06 
-5.388619e+01 1.401240e+02 1.970729e+01 1.659989e-01 -3.458012e-01 5.615854e-06 
-5.468775e+01 1.395003e+02 1.959998e+01 1.639677e-01 -3.469901e-01 5.543400e-06 
-5.548405e+01 1.388744e+02 1.949222e+01 1.619136e-01 -3.481639e-01 5.468313e-06 
-5.627501e+01 1.382462e+02 1.938399e+01 1.598371e-01 -3.493221e-01 5.390576e-06 
-5.706056e+01 1.376158e+02 1.927530e+01 1.577383e-01 -3.504644e-01 5.310173e-06 
-5.784063e+01 1.369831e+02 1.916615e+01 1.556176e-01 -3.515905e-01 5.227088e-06 
-5.861514e+01 1.363483e+02 1.905653e+01 1.534753e-01 -3.526999e-01 5.141309e-06 
-5.938404e+01 1.357113e+02 1.894644e+01 1.513117e-01 -3.537924e-01 5.052821e-06 
-6.014724e+01 1.350721e+02 1.883589e+01 1.491271e-01 -3.548675e-01 4.961612e-06 
-6.090468e+01 1.344308e+02 1.872486e+01 1.469219e-01 -3.559250e-01 4.867673e-06 
-6.165630e+01 1.337874e+02 1.861337e+01 1.446964e-01 -3.569644e-01 4.770992e-06 
-6.240202e+01 1.331419e+02 1.850140e+01 1.424510e-01 -3.579854e-01 4.671561e-06 
-6.314179e+01 1.324944e+02 1.838896e+01 1.401859e-01 -3.589878e-01 4.569373e-06 
-6.387554e+01 1.318448e+02 1.827604e+01 1.379014e-01 -3.599710e-01 4.464420e-06 
-6.460321e+01 1.311932e+02 1.816265e+01 1.355981e-01 -3.609349e-01 4.356696e-06 
-6.532473e+01 1.305396e+02 1.804879e+01 1.332761e-01 -3.618791e-01 4.246198e-06 
-6.604004e+01 1.298840e+02 1.793444e+01 1.309358e-01 -3.628032e-01 4.132921e-06 
-6.674909e+01 1.292265e+02 1.781962e+01 1.285776e-01 -3.637070e-01 4.016863e-06 
-6.745182e+01 1.285671e+02 1.770433e+01 1.262018e-01 -3.645901e-01 3.898022e-06 
-6.814817e+01 1.279058e+02 1.758855e+01 1.238088e-01 -3.654523e-01 3.776399e-06 
-6.883808e+01 1.272426e+02 1.747230e+01 1.213989e-01 -3.662931e-01 3.651992e-06 
-6.952151e+01 1.265776e+02 1.735557e+01 1.189725e-01 -3.671124e-01 3.524806e-06 
-7.019839e+01 1.259108e+02 1.723836e+01 1.165299e-01 -3.679098e-01 3.394841e-06 
-7.086868e+01 1.252422e+02 1.712068e+01 1.140715e-01 -3.686850e-01 3.262102e-06 
-7.153232e+01 1.245719e+02 1.700252e+01 1.115977e-01 -3.694377e-01 3.126595e-06 
-7.218926e+01 1.238998e+02 1.688388e+01 1.091089e-01 -3.701677e-01 2.988324e-06 
-7.283946e+01 1.232260e+02 1.676476e+01 1.066053e-01 -3.708747e-01 2.847296e-06 
-7.348286e+01 1.225506e+02 1.664517e+01 1.040873e-01 -3.715584e-01 2.703521e-06 
-7.411943e+01 1.218735e+02 1.652511e+01 1.015554e-01 -3.722185e-01 2.557006e-06 
-7.474912e+01 1.211949e+02 1.640457e+01 9.900990e-02 -3.728548e-01 2.407763e-06 
-7.537187e+01 1.205146e+02 1.628355e+01 9.645113e-02 -3.734670e-01 2.255801e-06 
-7.598766e+01 1.198328e+02 1.616207e+01 9.387950e-02 -3.740550e-01 2.101134e-06 
-7.659644e+01 1.191494e+02 1.604011e+01 9.129536e-02 -3.746183e-01 1.943775e-06 
-7.719816e+01 1.184646e+02 1.591769e+01 8.869910e-02 -3.751569e-01 1.783737e-06 
-7.779280e+01 1.177783e+02 1.579480e+01 8.609108e-02 -3.756704e-01 1.621036e-06 
-7.838031e+01 1.170906e+02 1.567144e+01 8.347168e-02 -3.761587e-01 1.455687e-06 
-7.896066e+01 1.164015e+02 1.554762e+01 8.084126e-02 -3.766215e-01 1.287709e-06 
-7.953381e+01 1.157110e+02 1.542333e+01 7.820021e-02 -3.770587e-01 1.117119e-06 
-8.009973e+01 1.150192e+02 1.529859e+01 7.554890e-02 -3.774699e-01 9.439368e-07 
-8.065838e+01 1.143261e+02 1.517338e+01 7.288769e-02 -3.778551e-01 7.681815e-07 
-8.120975e+01 1.136317e+02 1.504772e+01 7.021698e-02 -3.782139e-01 5.898743e-07 
-8.175378e+01 1.129361e+02 1.492161e+01 6.753712e-02 -3.785463e-01 4.090373e-07 
-8.229047e+01 1.122393e+02 1.479505e+01 6.484849e-02 -3.788521e-01 2.256931e-07 
-8.281977e+01 1.115414e+02 1.466803e+01 6.215147e-02 -3.791310e-01 3.986547e-08 
-8.334167e+01 1.108423e+02 1.454058e+01 5.944642e-02 -3.793829e-01 -1.484211e-07 
-8.385615e+01 1.101421e+02 1.441268e+01 5.673373e-02 -3.796077e-01 -3.391412e-07 
-8.436317e+01 1.094408e+02 1.428434e+01 5.401376e-02 -3.798052e-01 -5.322685e-07 
-8.486271e+01 1.087385e+02 1.415556e+01 5.128689e-02 -3.799752e-01 -7.277759e-07 
-8.535476e+01 1.080352e+02 1.402636e+01 4.855348e-02 -3.801176e-01 -9.256355e-07 
-8.583929e+01 1.073310e+02 1.389672e+01 4.581390e-02 -3.802323e-01 -1.125819e-06 
-8.631630e+01 1.066259e+02 1.376666e+01 4.306854e-02 -3.803191e-01 -1.328295e-06 
-8.678575e+01 1.059198e+02 1.363617e+01 4.031774e-02 -3.803780e-01 -1.533036e-06 
-8.724764e+01 1.052129e+02 1.350527e+01 3.756188e-02 -3.804087e-01 -1.740009e-06 
-8.770195e+01 1.045052e+02 1.337395e+01 3.480133e-02 -3.804113e-01 -1.949182e-06 
-8.814868e+01 1.037967e+02 1.324223e+01 3.203645e-02 -3.803856e-01 -2.160523e-06 
-8.858779e+01 1.030875e+02 1.311010e+01 2.926760e-02 -3.803314e-01 -2.374000e-06 
-8.901930e+01 1.023776e+02 1.297757e+01 2.649515e-02 -3.802488e-01 -2.589577e-06 
-8.944319e+01 1.016670e+02 1.284464e+01 2.371946e-02 -3.801377e-01 -2.807220e-06 
-8.985944e+01 1.009558e+02 1.271132e+01 2.094088e-02 -3.799979e-01 -3.026894e-06 
-9.026806e+01 1.002440e+02 1.257761e+01 1.815977e-02 -3.798294e-01 -3.248563e-06 
-9.066904e+01 9.953171e+01 1.244352e+01 1.537650e-02 -3.796322e-01 -3.472190e-06 
-9.106238e+01 9.881886e+01 1.230906e+01 1.259140e-02 -3.794061e-01 -3.697739e-06 
-9.144807e+01 9.810554e+01 1.217423e+01 9.804844e-03 -3.791513e-01 -3.925170e-06 
-9.182611e+01 9.739179e+01 1.203903e+01 7.017172e-03 -3.788675e-01 -4.154447e-06 
-9.219651e+01 9.667764e+01 1.190346e+01 4.228735e-03 -3.785549e-01 -4.385530e-06 
-9.255926e+01 9.596314e+01 1.176755e+01 1.439879e-03 -3.782133e-01 -4.618380e-06 
-9.291436e+01 9.524833e+01 1.163128e+01 -1.349051e-03 -3.778427e-01 -4.852957e-06 
-9.326182e+01 9.453324e+01 1.149468e+01 -4.137713e-03 -3.774433e-01 -5.089220e-06 
-9.360165e+01 9.381792e+01 1.135773e+01 -6.925766e-03 -3.770148e-01 -5.327129e-06 
-9.393385e+01 9.310240e+01 1.122046e+01 -9.712874e-03 -3.765574e-01 -5.566643e-06 
-9.425843e+01 9.238673e+01 1.108286e+01 -1.249870e-02 -3.760711e-01 -5.807719e-06 
-9.457539e+01 9.167095e+01 1.094495e+01 -1.528291e-02 -3.755558e-01 -6.050315e-06 
-9.488475e+01 9.095509e+01 1.080672e+01 -1.806517e-02 -3.750117e-01 -6.294389e-06 
-9.518651e+01 9.023920e+01 1.066819e+01 -2.084516e-02 -3.744387e-01 -6.539899e-06 
-9.548070e+01 8.952332e+01 1.052936e+01 -2.362255e-02 -3.738368e-01 -6.786800e-06 
-9.576732e+01 8.880749e+01 1.039024e+01 -2.639701e-02 -3.732062e-01 -7.035049e-06 
-9.604638e+01 8.809176e+01 1.025084e+01 -2.916823e-02 -3.725469e-01 -7.284602e-06 
-9.631791e+01 8.737615e+01 1.011116e+01 -3.193588e-02 -3.718589e-01 -7.535415e-06 
-9.658192e+01 8.666072e+01 9.971211e+00 -3.469965e-02 -3.711423e-01 -7.787444e-06 
-9.683842e+01 8.594551e+01 9.831001e+00 -3.745923e-02 -3.703972e-01 -8.040644e-06 
-9.708744e+01 8.523055e+01 9.690538e+00 -4.021431e-02 -3.696237e-01 -8.294969e-06 
-9.732900e+01 8.451589e+01 9.549829e+00 -4.296458e-02 -3.688218e-01 -8.550376e-06 
-9.756311e+01 8.380158e+01 9.408881e+00 -4.570974e-02 -3.679916e-01 -8.806817e-06 
-9.778980e+01 8.308764e+01 9.267703e+00 -4.844948e-02 -3.671333e-01 -9.064248e-06 
-9.800909e+01 8.237414e+01 9.126303e+00 -5.118351e-02 -3.662469e-01 -9.322624e-06 
-9.822101e+01 8.166110e+01 8.984688e+00 -5.391152e-02 -3.653326e-01 -9.581897e-06 
-9.842559e+01 8.094857e+01 8.842867e+00 -5.663324e-02 -3.643904e-01 -9.842023e-06 
-9.862284e+01 8.023660e+01 8.700849e+00 -5.934836e-02 -3.634205e-01 -1.010295e-05 
-9.881279e+01 7.952522e+01 8.558642e+00 -6.205660e-02 -3.624231e-01 -1.036465e-05 
-9.899548e+01 7.881448e+01 8.416254e+00 -6.475768e-02 -3.613983e-01 -1.062705e-05 
-9.917093e+01 7.810442e+01 8.273694e+00 -6.745131e-02 -3.603461e-01 -1.089012e-05 
-9.933918e+01 7.739509e+01 8.130972e+00 -7.013723e-02 -3.592668e-01 -1.115382e-05 
-9.950025e+01 7.668652e+01 7.988095e+00 -7.281515e-02 -3.581605e-01 -1.141809e-05 
-9.965418e+01 7.597876e+01 7.845073e+00 -7.548480e-02 -3.570274e-01 -1.168289e-05 
-9.980100e+01 7.527185e+01 7.701916e+00 -7.814592e-02 -3.558676e-01 -1.194817e-05 
-9.994074e+01 7.456584e+01 7.558631e+00 -8.079824e-02 -3.546814e-01 -1.221388e-05 
-1.000734e+02 7.386076e+01 7.415229e+00 -8.344149e-02 -3.534688e-01 -1.247999e-05 
-1.001991e+02 7.315666e+01 7.271719e+00 -8.607543e-02 -3.522301e-01 -1.274644e-05 
-1.003179e+02 7.245359e+01 7.128110e+00 -8.869979e-02 -3.509654e-01 -1.301319e-05 
-1.004297e+02 7.175158e+01 6.984413e+00 -9.131433e-02 -3.496750e-01 -1.328019e-05 
-1.005346e+02 7.105069e+01 6.840635e+00 -9.391879e-02 -3.483591e-01 -1.354740e-05 
-1.006326e+02 7.035094e+01 6.696788e+00 -9.651293e-02 -3.470178e-01 -1.381476e-05 
-1.007239e+02 6.965239e+01 6.552882e+00 -9.909651e-02 -3.456514e-01 -1.408224e-05 
-1.008083e+02 6.895508e+01 6.408925e+00 -1.016693e-01 -3.442600e-01 -1.434980e-05 
-1.008861e+02 6.825905e+01 6.264928e+00 -1.042310e-01 -3.428440e-01 -1.461737e-05 
-1.009571e+02 6.756434e+01 6.120902e+00 -1.067815e-01 -3.414035e-01 -1.488493e-05 
-1.010215e+02 6.687100e+01 5.976856e+00 -1.093205e-01 -3.399387e-01 -1.515242e-05 
-1.010793e+02 6.617906e+01 5.832800e+00 -1.118477e-01 -3.384499e-01 -1.541980e-05 
-1.011306e+02 6.548858e+01 5.688745e+00 -1.143630e-01 -3.369373e-01 -1.568703e-05 
-1.011753e+02 6.479959e+01 5.544701e+00 -1.168661e-01 -3.354012e-01 -1.595406e-05 
-1.012136e+02 6.411214e+01 5.400678e+00 -1.193569e-01 -3.338418e-01 -1.622085e-05 
-1.012454e+02 6.342626e+01 5.256688e+00 -1.218350e-01 -3.322594e-01 -1.648736e-05 
-1.012709e+02 6.274201e+01 5.112740e+00 -1.243004e-01 -3.306542e-01 -1.675353e-05 
-1.012901e+02 6.205942e+01 4.968846e+00 -1.267527e-01 -3.290264e-01 -1.701934e-05 
-1.013030e+02 6.137853e+01 4.825015e+00 -1.291918e-01 -3.273764e-01 -1.728473e-05 
-1.013096e+02 6.069940e+01 4.681259e+00 -1.316176e-01 -3.257045e-01 -1.754967e-05 
-1.013101e+02 6.002205e+01 4.537588e+00 -1.340297e-01 -3.240107e-01 -1.781410e-05 
-1.013045e+02 5.934654e+01 4.394013e+00 -1.364280e-01 -3.222956e-01 -1.807800e-05 
-1.012928e+02 5.867289e+01 4.250546e+00 -1.388123e-01 -3.205592e-01 -1.834132e-05 
-1.012750e+02 5.800117e+01 4.107197e+00 -1.411824e-01 -3.188020e-01 -1.860402e-05 
-1.012513e+02 5.733140e+01 3.963976e+00 -1.435382e-01 -3.170242e-01 -1.886606e-05 
-1.012217e+02 5.666362e+01 3.820896e+00 -1.458794e-01 -3.152261e-01 -1.912739e-05 
-1.011862e+02 5.599789e+01 3.677967e+00 -1.482059e-01 -3.134079e-01 -1.938799e-05 
-1.011449e+02 5.533424e+01 3.535200e+00 -1.505176e-01 -3.115700e-01 -1.964780e-05 
-1.010978e+02 5.467270e+01 3.392606e+00 -1.528141e-01 -3.097127e-01 -1.990679e-05 
-1.010451e+02 5.401333e+01 3.250197e+00 -1.550955e-01 -3.078363e-01 -2.016493e-05 
-1.009867e+02 5.335616e+01 3.107983e+00 -1.573614e-01 -3.059410e-01 -2.042217e-05 
-1.009226e+02 5.270124e+01 2.965977e+00 -1.596118e-01 -3.040272e-01 -2.067848e-05 
-1.008531e+02 5.204860e+01 2.824189e+00 -1.618465e-01 -3.020952e-01 -2.093381e-05 
-1.007781e+02 5.139828e+01 2.682631e+00 -1.640653e-01 -3.001453e-01 -2.118814e-05 
-1.006976e+02 5.075032e+01 2.541313e+00 -1.662681e-01 -2.981778e-01 -2.144143e-05 
-1.006118e+02 5.010477e+01 2.400248e+00 -1.684547e-01 -2.961931e-01 -2.169364e-05 
-1.005206e+02 4.946166e+01 2.259446e+00 -1.706250e-01 -2.941914e-01 -2.194473e-05 
-1.004242e+02 4.882104e+01 2.118920e+00 -1.727789e-01 -2.921730e-01 -2.219468e-05 
-1.003226e+02 4.818293e+01 1.978679e+00 -1.749162e-01 -2.901384e-01 -2.244344e-05 
-1.002159e+02 4.754739e+01 1.838737e+00 -1.770367e-01 -2.880877e-01 -2.269098e-05 
-1.001041e+02 4.691444e+01 1.699104e+00 -1.791404e-01 -2.860214e-01 -2.293728e-05 
-9.998723e+01 4.628413e+01 1.559791e+00 -1.812270e-01 -2.839398e-01 -2.318229e-05 
-9.986542e+01 4.565650e+01 1.420810e+00 -1.832966e-01 -2.818432e-01 -2.342598e-05 
-9.973870e+01 4.503158e+01 1.282174e+00 -1.853489e-01 -2.797319e-01 -2.366833e-05 
-9.960714e+01 4.440941e+01 1.143891e+00 -1.873838e-01 -2.776063e-01 -2.390930e-05 
-9.947078e+01 4.379004e+01 1.005976e+00 -1.894013e-01 -2.754666e-01 -2.414886e-05 
-9.932970e+01 4.317349e+01 8.684381e-01 -1.914011e-01 -2.733133e-01 -2.438698e-05 
-9.918394e+01 4.255980e+01 7.312896e-01 -1.933832e-01 -2.711466e-01 -2.462362e-05 
-9.903357e+01 4.194901e+01 5.945418e-01 -1.953475e-01 -2.689670e-01 -2.485877e-05 
-9.887865e+01 4.134117e+01 4.582061e-01 -1.972938e-01 -2.667747e-01 -2.509240e-05 
-9.871924e+01 4.073629e+01 3.222940e-01 -1.992221e-01 -2.645700e-01 -2.532446e-05 
-9.855539e+01 4.013443e+01 1.868167e-01 -2.011323e-01 -2.623534e-01 -2.555495e-05 
-9.838718e+01 3.953561e+01 5.178579e-02 -2.030242e-01 -2.601252e-01 -2.578382e-05 
-9.821465e+01 3.893988e+01 -8.278750e-02 -2.048977e-01 -2.578856e-01 -2.601105e-05 
-9.803787e+01 3.834726e+01 -2.168918e-01 -2.067529e-01 -2.556350e-01 -2.623662e-05 
-9.785689e+01 3.775779e+01 -3.505158e-01 -2.085894e-01 -2.533739e-01 -2.646050e-05 
-9.767179e+01 3.717151e+01 -4.836481e-01 -2.104074e-01 -2.511025e-01 -2.668267e-05 
-9.748261e+01 3.658845e+01 -6.162776e-01 -2.122067e-01 -2.488211e-01 -2.690309e-05 
-9.728941e+01 3.600865e+01 -7.483930e-01 -2.139871e-01 -2.465301e-01 -2.712176e-05 
-9.709227e+01 3.543213e+01 -8.799831e-01 -2.157487e-01 -2.442299e-01 -2.733863e-05 
-9.689123e+01 3.485894e+01 -1.011037e+00 -2.174913e-01 -2.419207e-01 -2.755370e-05 
-9.668636e+01 3.428911e+01 -1.141542e+00 -2.192149e-01 -2.396030e-01 -2.776694e-05 
-9.647772e+01 3.372266e+01 -1.271490e+00 -2.209194e-01 -2.372770e-01 -2.797832e-05 
-9.626536e+01 3.315964e+01 -1.400867e+00 -2.226046e-01 -2.349432e-01 -2.818782e-05 
-9.604935e+01 3.260007e+01 -1.529663e+00 -2.242707e-01 -2.326018e-01 -2.839543e-05 
-9.582975e+01 3.204398e+01 -1.657868e+00 -2.259174e-01 -2.302532e-01 -2.860112e-05 
-9.560661e+01 3.149142e+01 -1.785469e+00 -2.275447e-01 -2.278977e-01 -2.880488e-05 
-9.537999e+01 3.094240e+01 -1.912457e+00 -2.291526e-01 -2.255357e-01 -2.900667e-05 
-9.514996e+01 3.039697e+01 -2.038821e+00 -2.307409e-01 -2.231675e-01 -2.920650e-05 
-9.491657e+01 2.985514e+01 -2.164548e+00 -2.323097e-01 -2.207934e-01 -2.940433e-05 
-9.467988e+01 2.931696e+01 -2.289630e+00 -2.338589e-01 -2.184138e-01 -2.960015e-05 
-9.443995e+01 2.878245e+01 -2.414055e+00 -2.353883e-01 -2.160290e-01 -2.979394e-05 
-9.419684e+01 2.825165e+01 -2.537812e+00 -2.368981e-01 -2.136394e-01 -2.998568e-05 
-9.395061e+01 2.772457e+01 -2.660892e+00 -2.383880e-01 -2.112452e-01 -3.017537e-05 
-9.370131e+01 2.720125e+01 -2.783282e+00 -2.398581e-01 -2.088469e-01 -3.036297e-05 
-9.344900e+01 2.668173e+01 -2.904973e+00 -2.413083e-01 -2.064447e-01 -3.054848e-05 
-9.319374e+01 2.616602e+01 -3.025955e+00 -2.427386e-01 -2.040389e-01 -3.073189e-05 
-9.293559e+01 2.565416e+01 -3.146217e+00 -2.441489e-01 -2.016300e-01 -3.091317e-05 
-9.267460e+01 2.514617e+01 -3.265749e+00 -2.455392e-01 -1.992181e-01 -3.109232e-05 
-9.241083e+01 2.464208e+01 -3.384540e+00 -2.469094e-01 -1.968038e-01 -3.126931e-05 
-9.214434e+01 2.414192e+01 -3.502580e+00 -2.482595e-01 -1.943872e-01 -3.144415e-05 
-9.187518e+01 2.364571e+01 -3.619860e+00 -2.495896e-01 -1.919687e-01 -3.161681e-05 
-9.160341e+01 2.315349e+01 -3.736369e+00 -2.508994e-01 -1.895486e-01 -3.178728e-05 
-9.132908e+01 2.266527e+01 -3.852098e+00 -2.521890e-01 -1.871272e-01 -3.195555e-05 
-9.105226e+01 2.218109e+01 -3.967035e+00 -2.534585e-01 -1.847049e-01 -3.212162e-05 
-9.077299e+01 2.170096e+01 -4.081172e+00 -2.547076e-01 -1.822819e-01 -3.228546e-05 
-9.049132e+01 2.122492e+01 -4.194500e+00 -2.559365e-01 -1.798586e-01 -3.244707e-05 
-9.020732e+01 2.075298e+01 -4.307007e+00 -2.571451e-01 -1.774353e-01 -3.260645e-05 
-8.992104e+01 2.028518e+01 -4.418685e+00 -2.583334e-01 -1.750123e-01 -3.276357e-05 
-8.963253e+01 1.982153e+01 -4.529524e+00 -2.595013e-01 -1.725898e-01 -3.291844e-05 
-8.934184e+01 1.936206e+01 -4.639515e+00 -2.606488e-01 -1.701683e-01 -3.307103e-05 
-8.904903e+01 1.890680e+01 -4.748648e+00 -2.617759e-01 -1.677480e-01 -3.322136e-05 
-8.875415e+01 1.845575e+01 -4.856914e+00 -2.628827e-01 -1.653292e-01 -3.336940e-05 
-8.845724e+01 1.800896e+01 -4.964304e+00 -2.639690e-01 -1.629121e-01 -3.351515e-05 
-8.815837e+01 1.756643e+01 -5.070809e+00 -2.650348e-01 -1.604972e-01 -3.365860e-05 
-8.785759e+01 1.712820e+01 -5.176420e+00 -2.660803e-01 -1.580847e-01 -3.379976e-05 
-8.755493e+01 1.669428e+01 -5.281128e+00 -2.671052e-01 -1.556748e-01 -3.393860e-05 
-8.725046e+01 1.626469e+01 -5.384924e+00 -2.681097e-01 -1.532678e-01 -3.407513e-05 
-8.694423e+01 1.583945e+01 -5.487799e+00 -2.690937e-01 -1.508642e-01 -3.420933e-05 
-8.663628e+01 1.541859e+01 -5.589746e+00 -2.700572e-01 -1.484640e-01 -3.434122e-05 
-8.632666e+01 1.500212e+01 -5.690754e+00 -2.710002e-01 -1.460677e-01 -3.447077e-05 
-8.601543e+01 1.459006e+01 -5.790816e+00 -2.719227e-01 -1.436754e-01 -3.459799e-05 
-8.570262e+01 1.418244e+01 -5.889923e+00 -2.728247e-01 -1.412875e-01 -3.472288e-05 
-8.538829e+01 1.377926e+01 -5.988068e+00 -2.737062e-01 -1.389042e-01 -3.484542e-05 
-8.507249e+01 1.338056e+01 -6.085242e+00 -2.745672e-01 -1.365258e-01 -3.496562e-05 
-8.475526e+01 1.298634e+01 -6.181436e+00 -2.754077e-01 -1.341526e-01 -3.508348e-05 
-8.443664e+01 1.259662e+01 -6.276644e+00 -2.762277e-01 -1.317848e-01 -3.519898e-05 
-8.411669e+01 1.221143e+01 -6.370856e+00 -2.770272e-01 -1.294227e-01 -3.531214e-05 
-8.379544e+01 1.183077e+01 -6.464066e+00 -2.778062e-01 -1.270665e-01 -3.542294e-05 
-8.347295e+01 1.145467e+01 -6.556265e+00 -2.785647e-01 -1.247165e-01 -3.553139e-05 
-8.314926e+01 1.108313e+01 -6.647447e+00 -2.793027e-01 -1.223730e-01 -3.563749e-05 
-8.282441e+01 1.071619e+01 -6.737602e+00 -2.800203e-01 -1.200361e-01 -3.574123e-05 
-8.249844e+01 1.035384e+01 -6.826726e+00 -2.807173e-01 -1.177062e-01 -3.584262e-05 
-8.217140e+01 9.996113e+00 -6.914809e+00 -2.813939e-01 -1.153835e-01 -3.594165e-05 
-8.184333e+01 9.643014e+00 -7.001844e+00 -2.820501e-01 -1.130682e-01 -3.603832e-05 
-8.151428e+01 9.294559e+00 -7.087826e+00 -2.826858e-01 -1.107605e-01 -3.613264e-05 
-8.118427e+01 8.950762e+00 -7.172746e+00 -2.833011e-01 -1.084608e-01 -3.622461e-05 
-8.085336e+01 8.611638e+00 -7.256598e+00 -2.838960e-01 -1.061691e-01 -3.631422e-05 
-8.052159e+01 8.277197e+00 -7.339375e+00 -2.844705e-01 -1.038858e-01 -3.640148e-05 
-8.018899e+01 7.947454e+00 -7.421071e+00 -2.850246e-01 -1.016111e-01 -3.648639e-05 
-7.985560e+01 7.622421e+00 -7.501678e+00 -2.855583e-01 -9.934512e-02 -3.656896e-05 
-7.952146e+01 7.302108e+00 -7.581191e+00 -2.860717e-01 -9.708817e-02 -3.664918e-05 
-7.918662e+01 6.986529e+00 -7.659604e+00 -2.865648e-01 -9.484043e-02 -3.672705e-05 
-7.885110e+01 6.675693e+00 -7.736909e+00 -2.870376e-01 -9.260213e-02 -3.680258e-05 
-7.851495e+01 6.369612e+00 -7.813101e+00 -2.874900e-01 -9.037346e-02 -3.687578e-05 
-7.817820e+01 6.068297e+00 -7.888175e+00 -2.879222e-01 -8.815462e-02 -3.694664e-05 
-7.784088e+01 5.771756e+00 -7.962123e+00 -2.883342e-01 -8.594583e-02 -3.701517e-05 
-7.750304e+01 5.480000e+00 -8.034941e+00 -2.887259e-01 -8.374728e-02 -3.708137e-05 
-7.716471e+01 5.193038e+00 -8.106622e+00 -2.890975e-01 -8.155915e-02 -3.714524e-05 
-7.682592e+01 4.910880e+00 -8.177161e+00 -2.894488e-01 -7.938165e-02 -3.720680e-05 
-7.648671e+01 4.633532e+00 -8.246553e+00 -2.897800e-01 -7.721495e-02 -3.726604e-05 
-7.614711e+01 4.361005e+00 -8.314792e+00 -2.900911e-01 -7.505925e-02 -3.732297e-05 
-7.580715e+01 4.093305e+00 -8.381874e+00 -2.903821e-01 -7.291473e-02 -3.737759e-05 
-7.546687e+01 3.830440e+00 -8.447792e+00 -2.906530e-01 -7.078156e-02 -3.742991e-05 
-7.512629e+01 3.572417e+00 -8.512543e+00 -2.909039e-01 -6.865991e-02 -3.747994e-05 
-7.478545e+01 3.319244e+00 -8.576120e+00 -2.911347e-01 -6.654996e-02 -3.752767e-05 
-7.444439e+01 3.070925e+00 -8.638520e+00 -2.913456e-01 -6.445188e-02 -3.757312e-05 
-7.410312e+01 2.827468e+00 -8.699738e+00 -2.915365e-01 -6.236583e-02 -3.761628e-05 
-7.376168e+01 2.588879e+00 -8.759768e+00 -2.917075e-01 -6.029197e-02 -3.765717e-05 
-7.342010e+01 2.355161e+00 -8.818608e+00 -2.918586e-01 -5.823046e-02 -3.769579e-05 
-7.307840e+01 2.126321e+00 -8.876252e+00 -2.919898e-01 -5.618146e-02 -3.773215e-05 
-7.273662e+01 1.902364e+00 -8.932696e+00 -2.921013e-01 -5.414511e-02 -3.776625e-05 
-7.239478e+01 1.683292e+00 -8.987936e+00 -2.921929e-01 -5.212156e-02 -3.779810e-05 
-7.205291e+01 1.469111e+00 -9.041968e+00 -2.922648e-01 -5.011096e-02 -3.782771e-05 
-7.171104e+01 1.259824e+00 -9.094789e+00 -2.923169e-01 -4.811345e-02 -3.785508e-05 
-7.136919e+01 1.055434e+00 -9.146394e+00 -2.923494e-01 -4.612917e-02 -3.788022e-05 
-7.102738e+01 8.559443e-01 -9.196780e+00 -2.923622e-01 -4.415825e-02 -3.790314e-05 
-7.068565e+01 6.613573e-01 -9.245944e+00 -2.923554e-01 -4.220082e-02 -3.792384e-05 
-7.034402e+01 4.716752e-01 -9.293881e+00 -2.923290e-01 -4.025702e-02 -3.794233e-05 
-7.000250e+01 2.869001e-01 -9.340589e+00 -2.922831e-01 -3.832696e-02 -3.795862e-05 
-6.966113e+01 1.070334e-01 -9.386064e+00 -2.922176e-01 -3.641077e-02 -3.797272e-05 
-6.931992e+01 -6.792367e-02 -9.430304e+00 -2.921327e-01 -3.450857e-02 -3.798463e-05 
-6.897890e+01 -2.379701e-01 -9.473305e+00 -2.920284e-01 -3.262048e-02 -3.799436e-05 
-6.863810e+01 -4.031053e-01 -9.515064e+00 -2.919047e-01 -3.074660e-02 -3.800192e-05 
-6.829752e+01 -5.633291e-01 -9.555580e+00 -2.917617e-01 -2.888704e-02 -3.800732e-05 
-6.795720e+01 -7.186416e-01 -9.594848e+00 -2.915994e-01 -2.704191e-02 -3.801056e-05 
-6.761715e+01 -8.690430e-01 -9.632867e+00 -2.914178e-01 -2.521132e-02 -3.801165e-05 
-6.727739e+01 -1.014534e+00 -9.669635e+00 -2.912170e-01 -2.339536e-02 -3.801061e-05 
-6.693794e+01 -1.155116e+00 -9.705148e+00 -2.909970e-01 -2.159412e-02 -3.800744e-05 
-6.659882e+01 -1.290790e+00 -9.739405e+00 -2.907579e-01 -1.980771e-02 -3.800214e-05 
-6.626005e+01 -1.421558e+00 -9.772403e+00 -2.904997e-01 -1.803621e-02 -3.799474e-05 
-6.592165e+01 -1.547422e+00 -9.804141e+00 -2.902224e-01 -1.627971e-02 -3.798522e-05 
-6.558363e+01 -1.668384e+00 -9.834617e+00 -2.899262e-01 -1.453829e-02 -3.797362e-05 
-6.524601e+01 -1.784447e+00 -9.863829e+00 -2.896110e-01 -1.281203e-02 -3.795992e-05 
-6.490880e+01 -1.895613e+00 -9.891775e+00 -2.892769e-01 -1.110101e-02 -3.794415e-05 
-6.457203e+01 -2.001886e+00 -9.918454e+00 -2.889239e-01 -9.405314e-03 -3.792630e-05 
-6.423571e+01 -2.103270e+00 -9.943865e+00 -2.885521e-01 -7.725001e-03 -3.790640e-05 
-6.389984e+01 -2.199768e+00 -9.968005e+00 -2.881616e-01 -6.060143e-03 -3.788444e-05 
-6.356446e+01 -2.291384e+00 -9.990875e+00 -2.877523e-01 -4.410808e-03 -3.786044e-05 
-6.322956e+01 -2.378123e+00 -1.001247e+01 -2.873244e-01 -2.777057e-03 -3.783441e-05 
-6.289517e+01 -2.459989e+00 -1.003280e+01 -2.868778e-01 -1.158950e-03 -3.780635e-05 
-6.256129e+01 -2.536989e+00 -1.005185e+01 -2.864127e-01 4.434564e-04 -3.777627e-05 
-6.222795e+01 -2.609126e+00 -1.006962e+01 -2.859291e-01 2.030107e-03 -3.774420e-05 
-6.189514e+01 -2.676406e+00 -1.008612e+01 -2.854269e-01 3.600952e-03 -3.771012e-05 
-6.156289e+01 -2.738836e+00 -1.010134e+01 -2.849064e-01 5.155943e-03 -3.767406e-05 
-6.123120e+01 -2.796422e+00 -1.011529e+01 -2.843675e-01 6.695034e-03 -3.763601e-05 
-6.090009e+01 -2.849169e+00 -1.012796e+01 -2.838102e-01 8.218183e-03 -3.759600e-05 
-6.056956e+01 -2.897086e+00 -1.013935e+01 -2.832347e-01 9.725349e-03 -3.755404e-05 
-6.023963e+01 -2.940178e+00 -1.014947e+01 -2.826409e-01 1.121650e-02 -3.751012e-05 
-5.991030e+01 -2.978453e+00 -1.015831e+01 -2.820290e-01 1.269159e-02 -3.746426e-05 
-5.958159e+01 -3.011919e+00 -1.016587e+01 -2.813990e-01 1.415060e-02 -3.741647e-05 
-5.925349e+01 -3.040584e+00 -1.017215e+01 -2.807509e-01 1.559350e-02 -3.736676e-05 
-5.892603e+01 -3.064456e+00 -1.017716e+01 -2.800848e-01 1.702025e-02 -3.731514e-05 
-5.859920e+01 -3.083542e+00 -1.018088e+01 -2.794008e-01 1.843085e-02 -3.726161e-05 
-5.827302e+01 -3.097853e+00 -1.018334e+01 -2.786989e-01 1.982526e-02 -3.720620e-05 
-5.794749e+01 -3.107396e+00 -1.018452e+01 -2.779791e-01 2.120346e-02 -3.714890e-05 
-5.762262e+01 -3.112182e+00 -1.018442e+01 -2.772415e-01 2.256545e-02 -3.708973e-05 
-5.729841e+01 -3.112218e+00 -1.018305e+01 -2.764862e-01 2.391121e-02 -3.702869e-05 
-5.697488e+01 -3.107516e+00 -1.018040e+01 -2.757132e-01 2.524073e-02 -3.696581e-05 
-5.665202e+01 -3.098085e+00 -1.017648e+01 -2.749226e-01 2.655400e-02 -3.690108e-05 
-5.632984e+01 -3.083936e+00 -1.017129e+01 -2.741144e-01 2.785101e-02 -3.683451e-05 
-5.600834e+01 -3.065078e+00 -1.016484e+01 -2.732888e-01 2.913177e-02 -3.676612e-05 
-5.568754e+01 -3.041523e+00 -1.015711e+01 -2.724456e-01 3.039626e-02 -3.669592e-05 
-5.536743e+01 -3.013281e+00 -1.014811e+01 -2.715851e-01 3.164450e-02 -3.662391e-05 
-5.504801e+01 -2.980365e+00 -1.013785e+01 -2.707073e-01 3.287649e-02 -3.655011e-05 
-5.472930e+01 -2.942785e+00 -1.012632e+01 -2.698121e-01 3.409224e-02 -3.647452e-05 
-5.441128e+01 -2.900553e+00 -1.011353e+01 -2.688998e-01 3.529174e-02 -3.639716e-05 
-5.409398e+01 -2.853681e+00 -1.009948e+01 -2.679703e-01 3.647502e-02 -3.631803e-05 
-5.377738e+01 -2.802181e+00 -1.008417e+01 -2.670237e-01 3.764209e-02 -3.623715e-05 
-5.346148e+01 -2.746066e+00 -1.006760e+01 -2.660601e-01 3.879296e-02 -3.615452e-05 
-5.314630e+01 -2.685348e+00 -1.004977e+01 -2.650795e-01 3.992766e-02 -3.607015e-05 
-5.283183e+01 -2.620041e+00 -1.003070e+01 -2.640819e-01 4.104620e-02 -3.598406e-05 
-5.251807e+01 -2.550157e+00 -1.001037e+01 -2.630676e-01 4.214860e-02 -3.589625e-05 
-5.220503e+01 -2.475711e+00 -9.988786e+00 -2.620364e-01 4.323489e-02 -3.580673e-05 
-5.189270e+01 -2.396714e+00 -9.965960e+00 -2.609885e-01 4.430510e-02 -3.571551e-05 
-5.158108e+01 -2.313182e+00 -9.941889e+00 -2.599240e-01 4.535925e-02 -3.562261e-05 
-5.127017e+01 -2.225129e+00 -9.916576e+00 -2.588428e-01 4.639737e-02 -3.552803e-05 
-5.095997e+01 -2.132568e+00 -9.890024e+00 -2.577451e-01 4.741951e-02 -3.543178e-05 
-5.065048e+01 -2.035514e+00 -9.862235e+00 -2.566309e-01 4.842569e-02 -3.533388e-05 
-5.034170e+01 -1.933982e+00 -9.833212e+00 -2.555004e-01 4.941595e-02 -3.523432e-05 
-5.003363e+01 -1.827987e+00 -9.802958e+00 -2.543534e-01 5.039033e-02 -3.513313e-05 
-4.972626e+01 -1.717544e+00 -9.771476e+00 -2.531902e-01 5.134887e-02 -3.503031e-05 
-4.941960e+01 -1.602668e+00 -9.738769e+00 -2.520108e-01 5.229162e-02 -3.492586e-05 
-4.911363e+01 -1.483375e+00 -9.704840e+00 -2.508152e-01 5.321861e-02 -3.481981e-05 
-4.880836e+01 -1.359681e+00 -9.669692e+00 -2.496035e-01 5.412990e-02 -3.471215e-05 
-4.850379e+01 -1.231601e+00 -9.633329e+00 -2.483758e-01 5.502553e-02 -3.460291e-05 
-4.819991e+01 -1.099153e+00 -9.595754e+00 -2.471322e-01 5.590555e-02 -3.449208e-05 
-4.789671e+01 -9.623512e-01 -9.556969e+00 -2.458727e-01 5.677002e-02 -3.437969e-05 
-4.759420e+01 -8.212135e-01 -9.516980e+00 -2.445973e-01 5.761899e-02 -3.426573e-05 
-4.729237e+01 -6.757564e-01 -9.475789e+00 -2.433062e-01 5.845251e-02 -3.415021e-05 
-4.699121e+01 -5.259969e-01 -9.433400e+00 -2.419994e-01 5.927065e-02 -3.403316e-05 
-4.669072e+01 -3.719522e-01 -9.389817e+00 -2.406770e-01 6.007346e-02 -3.391457e-05 
-4.639090e+01 -2.136397e-01 -9.345043e+00 -2.393391e-01 6.086100e-02 -3.379445e-05 
-4.609174e+01 -5.107679e-02 -9.299083e+00 -2.379857e-01 6.163333e-02 -3.367283e-05 
-4.579324e+01 1.157186e-01 -9.251941e+00 -2.366169e-01 6.239052e-02 -3.354969e-05 
-4.549538e+01 2.867286e-01 -9.203620e+00 -2.352327e-01 6.313263e-02 -3.342506e-05 
-4.519817e+01 4.619351e-01 -9.154125e+00 -2.338333e-01 6.385973e-02 -3.329895e-05 
-4.490160e+01 6.413198e-01 -9.103460e+00 -2.324187e-01 6.457189e-02 -3.317136e-05 
-4.460566e+01 8.248641e-01 -9.051629e+00 -2.309890e-01 6.526918e-02 -3.304230e-05 
-4.431035e+01 1.012549e+00 -8.998636e+00 -2.295442e-01 6.595167e-02 -3.291178e-05 
-4.401566e+01 1.204357e+00 -8.944486e+00 -2.280844e-01 6.661943e-02 -3.277981e-05 
-4.372158e+01 1.400268e+00 -8.889184e+00 -2.266097e-01 6.727254e-02 -3.264641e-05 
-4.342811e+01 1.600262e+00 -8.832734e+00 -2.251202e-01 6.791107e-02 -3.251157e-05 
-4.313524e+01 1.804321e+00 -8.775141e+00 -2.236159e-01 6.853510e-02 -3.237531e-05 
-4.284296e+01 2.012426e+00 -8.716408e+00 -2.220970e-01 6.914470e-02 -3.223764e-05 
-4.255126e+01 2.224555e+00 -8.656542e+00 -2.205634e-01 6.973997e-02 -3.209857e-05 
-4.226015e+01 2.440690e+00 -8.595547e+00 -2.190153e-01 7.032097e-02 -3.195811e-05 
-4.196960e+01 2.660810e+00 -8.533427e+00 -2.174527e-01 7.088779e-02 -3.181626e-05 
-4.167962e+01 2.884896e+00 -8.470189e+00 -2.158758e-01 7.144051e-02 -3.167304e-05 
-4.139019e+01 3.112926e+00 -8.405836e+00 -2.142845e-01 7.197923e-02 -3.152845e-05 
-4.110131e+01 3.344881e+00 -8.340374e+00 -2.126789e-01 7.250401e-02 -3.138250e-05 
-4.081296e+01 3.580739e+00 -8.273808e+00 -2.110593e-01 7.301496e-02 -3.123521e-05 
-4.052515e+01 3.820480e+00 -8.206143e+00 -2.094255e-01 7.351216e-02 -3.108658e-05 
-4.023786e+01 4.064083e+00 -8.137385e+00 -2.077777e-01 7.399570e-02 -3.093662e-05 
-3.995108e+01 4.311526e+00 -8.067539e+00 -2.061160e-01 7.446566e-02 -3.078534e-05 
-3.966481e+01 4.562788e+00 -7.996610e+00 -2.044404e-01 7.492214e-02 -3.063275e-05 
-3.937903e+01 4.817849e+00 -7.924604e+00 -2.027511e-01 7.536524e-02 -3.047886e-05 
-3.909373e+01 5.076685e+00 -7.851526e+00 -2.010480e-01 7.579504e-02 -3.032368e-05 
-3.880892e+01 5.339276e+00 -7.777382e+00 -1.993314e-01 7.621164e-02 -3.016721e-05 
-3.852457e+01 5.605600e+00 -7.702177e+00 -1.976012e-01 7.661513e-02 -3.000946e-05 
-3.824069e+01 5.875634e+00 -7.625918e+00 -1.958575e-01 7.700562e-02 -2.985046e-05 
-3.795725e+01 6.149357e+00 -7.548610e+00 -1.941004e-01 7.738319e-02 -2.969019e-05 
-3.767425e+01 6.426745e+00 -7.470258e+00 -1.923301e-01 7.774795e-02 -2.952868e-05 
-3.739169e+01 6.707777e+00 -7.390869e+00 -1.905465e-01 7.810000e-02 -2.936592e-05 
-3.710954e+01 6.992430e+00 -7.310449e+00 -1.887498e-01 7.843943e-02 -2.920194e-05 
-3.682781e+01 7.280681e+00 -7.229003e+00 -1.869400e-01 7.876634e-02 -2.903674e-05 
-3.654648e+01 7.572508e+00 -7.146538e+00 -1.851173e-01 7.908084e-02 -2.887033e-05 
-3.626555e+01 7.867887e+00 -7.063060e+00 -1.832817e-01 7.938303e-02 -2.870271e-05 
-3.598499e+01 8.166795e+00 -6.978574e+00 -1.814332e-01 7.967300e-02 -2.853390e-05 
-3.570481e+01 8.469209e+00 -6.893087e+00 -1.795720e-01 7.995087e-02 -2.836390e-05 
-3.542500e+01 8.775106e+00 -6.806606e+00 -1.776982e-01 8.021674e-02 -2.819272e-05 
-3.514553e+01 9.084462e+00 -6.719136e+00 -1.758118e-01 8.047072e-02 -2.802038e-05 
-3.486641e+01 9.397253e+00 -6.630684e+00 -1.739129e-01 8.071290e-02 -2.784688e-05 
-3.458762e+01 9.713456e+00 -6.541256e+00 -1.720016e-01 8.094339e-02 -2.767223e-05 
-3.430916e+01 1.003305e+01 -6.450859e+00 -1.700780e-01 8.116231e-02 -2.749644e-05 
-3.403101e+01 1.035600e+01 -6.359499e+00 -1.681422e-01 8.136975e-02 -2.731952e-05 
-3.375316e+01 1.068230e+01 -6.267183e+00 -1.661943e-01 8.156583e-02 -2.714147e-05 
-3.347560e+01 1.101191e+01 -6.173917e+00 -1.642343e-01 8.175065e-02 -2.696231e-05 
-3.319833e+01 1.134481e+01 -6.079707e+00 -1.622623e-01 8.192433e-02 -2.678205e-05 
-3.292132e+01 1.168097e+01 -5.984562e+00 -1.602785e-01 8.208696e-02 -2.660068e-05 
-3.264458e+01 1.202038e+01 -5.888486e+00 -1.582828e-01 8.223867e-02 -2.641823e-05 
-3.236810e+01 1.236301e+01 -5.791488e+00 -1.562754e-01 8.237955e-02 -2.623470e-05 
-3.209185e+01 1.270883e+01 -5.693574e+00 -1.542565e-01 8.250973e-02 -2.605010e-05 
-3.181584e+01 1.305782e+01 -5.594750e+00 -1.522259e-01 8.262932e-02 -2.586443e-05 
-3.154005e+01 1.340995e+01 -5.495023e+00 -1.501840e-01 8.273841e-02 -2.567771e-05 
-3.126447e+01 1.376520e+01 -5.394401e+00 -1.481306e-01 8.283713e-02 -2.548995e-05 
-3.098909e+01 1.412354e+01 -5.292891e+00 -1.460661e-01 8.292559e-02 -2.530116e-05 
-3.071390e+01 1.448494e+01 -5.190498e+00 -1.439903e-01 8.300389e-02 -2.511133e-05 
-3.043890e+01 1.484939e+01 -5.087232e+00 -1.419034e-01 8.307216e-02 -2.492049e-05 
-3.016406e+01 1.521686e+01 -4.983097e+00 -1.398056e-01 8.313050e-02 -2.472864e-05 
-2.988939e+01 1.558732e+01 -4.878102e+00 -1.376968e-01 8.317902e-02 -2.453579e-05 
-2.961487e+01 1.596074e+01 -4.772254e+00 -1.355772e-01 8.321785e-02 -2.434194e-05 
-2.934049e+01 1.633710e+01 -4.665560e+00 -1.334469e-01 8.324709e-02 -2.414712e-05 
-2.906624e+01 1.671637e+01 -4.558028e+00 -1.313059e-01 8.326686e-02 -2.395132e-05 
-2.879211e+01 1.709854e+01 -4.449663e+00 -1.291544e-01 8.327726e-02 -2.375455e-05 
-2.851809e+01 1.748356e+01 -4.340474e+00 -1.269924e-01 8.327842e-02 -2.355683e-05 
-2.824418e+01 1.787142e+01 -4.230468e+00 -1.248201e-01 8.327045e-02 -2.335816e-05 
-2.797036e+01 1.826209e+01 -4.119653e+00 -1.226375e-01 8.325346e-02 -2.315855e-05 
-2.769663e+01 1.865554e+01 -4.008035e+00 -1.204447e-01 8.322757e-02 -2.295801e-05 
-2.742296e+01 1.905174e+01 -3.895623e+00 -1.182419e-01 8.319288e-02 -2.275655e-05 
-2.714936e+01 1.945068e+01 -3.782423e+00 -1.160290e-01 8.314952e-02 -2.255417e-05 
-2.687582e+01 1.985232e+01 -3.668443e+00 -1.138063e-01 8.309759e-02 -2.235089e-05 
-2.660232e+01 2.025664e+01 -3.553691e+00 -1.115737e-01 8.303722e-02 -2.214672e-05 
-2.632886e+01 2.066361e+01 -3.438174e+00 -1.093314e-01 8.296851e-02 -2.194166e-05 
-2.605543e+01 2.107320e+01 -3.321900e+00 -1.070795e-01 8.289158e-02 -2.173572e-05 
-2.578201e+01 2.148538e+01 -3.204876e+00 -1.048181e-01 8.280654e-02 -2.152891e-05 
-2.550861e+01 2.190014e+01 -3.087110e+00 -1.025473e-01 8.271351e-02 -2.132124e-05 
-2.523520e+01 2.231744e+01 -2.968609e+00 -1.002671e-01 8.261260e-02 -2.111272e-05 
-2.496179e+01 2.273726e+01 -2.849382e+00 -9.797775e-02 8.250392e-02 -2.090336e-05 
-2.468836e+01 2.315956e+01 -2.729436e+00 -9.567921e-02 8.238759e-02 -2.069317e-05 
-2.441491e+01 2.358433e+01 -2.608778e+00 -9.337163e-02 8.226373e-02 -2.048215e-05 
-2.414142e+01 2.401153e+01 -2.487417e+00 -9.105510e-02 8.213243e-02 -2.027031e-05 
-2.386789e+01 2.444114e+01 -2.365360e+00 -8.872972e-02 8.199382e-02 -2.005767e-05 
-2.359432e+01 2.487312e+01 -2.242615e+00 -8.639559e-02 8.184801e-02 -1.984423e-05 
-2.332068e+01 2.530746e+01 -2.119189e+00 -8.405281e-02 8.169511e-02 -1.963000e-05 
-2.304698e+01 2.574413e+01 -1.995092e+00 -8.170146e-02 8.153523e-02 -1.941499e-05 
-2.277321e+01 2.618309e+01 -1.870330e+00 -7.934166e-02 8.136849e-02 -1.919920e-05 
-2.249936e+01 2.662432e+01 -1.744911e+00 -7.697349e-02 8.119499e-02 -1.898266e-05 
-2.222542e+01 2.706779e+01 -1.618843e+00 -7.459706e-02 8.101485e-02 -1.876536e-05 
-2.195138e+01 2.751348e+01 -1.492135e+00 -7.221246e-02 8.082818e-02 -1.854731e-05 
-2.167724e+01 2.796135e+01 -1.364794e+00 -6.981979e-02 8.063508e-02 -1.832853e-05 
-2.140299e+01 2.841139e+01 -1.236828e+00 -6.741916e-02 8.043568e-02 -1.810903e-05 
-2.112863e+01 2.886355e+01 -1.108245e+00 -6.501066e-02 8.023007e-02 -1.788880e-05 
-2.085414e+01 2.931782e+01 -9.790527e-01 -6.259439e-02 8.001837e-02 -1.766787e-05 
-2.057952e+01 2.977416e+01 -8.492597e-01 -6.017045e-02 7.980068e-02 -1.744623e-05 
-2.030477e+01 3.023255e+01 -7.188739e-01 -5.773894e-02 7.957712e-02 -1.722391e-05 
-2.002988e+01 3.069296e+01 -5.879031e-01 -5.529996e-02 7.934779e-02 -1.700090e-05 
-1.975483e+01 3.115537e+01 -4.563554e-01 -5.285361e-02 7.911281e-02 -1.677722e-05 
-1.947964e+01 3.161973e+01 -3.242390e-01 -5.040000e-02 7.887227e-02 -1.655288e-05 
-1.920428e+01 3.208603e+01 -1.915619e-01 -4.793922e-02 7.862628e-02 -1.632788e-05 
-1.892876e+01 3.255424e+01 -5.833217e-02 -4.547136e-02 7.837495e-02 -1.610223e-05 
-1.865307e+01 3.302433e+01 7.544207e-02 -4.299655e-02 7.811839e-02 -1.587595e-05 
-1.837720e+01 3.349627e+01 2.097527e-01 -4.051487e-02 7.785670e-02 -1.564904e-05 
-1.810116e+01 3.397003e+01 3.445916e-01 -3.802643e-02 7.758998e-02 -1.542151e-05 
-1.782492e+01 3.444558e+01 4.799506e-01 -3.553132e-02 7.731834e-02 -1.519337e-05 
-1.754850e+01 3.492290e+01 6.158217e-01 -3.302966e-02 7.704189e-02 -1.496463e-05 
-1.727189e+01 3.540196e+01 7.521965e-01 -3.052154e-02 7.676072e-02 -1.473530e-05 
-1.699507e+01 3.588273e+01 8.890670e-01 -2.800706e-02 7.647493e-02 -1.450539e-05 
-1.671806e+01 3.636519e+01 1.026425e+00 -2.548634e-02 7.618463e-02 -1.427491e-05 
-1.644083e+01 3.684929e+01 1.164262e+00 -2.295946e-02 7.588992e-02 -1.404386e-05 
-1.616340e+01 3.733502e+01 1.302571e+00 -2.042654e-02 7.559090e-02 -1.381225e-05 
-1.588576e+01 3.782235e+01 1.441342e+00 -1.788767e-02 7.528767e-02 -1.358011e-05 
-1.560789e+01 3.831124e+01 1.580568e+00 -1.534296e-02 7.498032e-02 -1.334742e-05 
-1.532981e+01 3.880167e+01 1.720241e+00 -1.279251e-02 7.466896e-02 -1.311421e-05 
-1.505151e+01 3.929362e+01 1.860352e+00 -1.023643e-02 7.435368e-02 -1.288048e-05 
-1.477299e+01 3.978704e+01 2.000893e+00 -7.674812e-03 7.403458e-02 -1.264624e-05 
-1.449423e+01 4.028193e+01 2.141855e+00 -5.107770e-03 7.371175e-02 -1.241151e-05 
-1.421525e+01 4.077823e+01 2.283232e+00 -2.535404e-03 7.338530e-02 -1.217628e-05 
-1.393604e+01 4.127594e+01 2.425014e+00 4.218263e-05 7.305530e-02 -1.194057e-05 
-1.365659e+01 4.177501e+01 2.567193e+00 2.624886e-03 7.272187e-02 -1.170440e-05 
-1.337692e+01 4.227543e+01 2.709761e+00 5.212602e-03 7.238509e-02 -1.146776e-05 
-1.309700e+01 4.277716e+01 2.852709e+00 7.805226e-03 7.204505e-02 -1.123066e-05 
-1.281685e+01 4.328017e+01 2.996030e+00 1.040266e-02 7.170184e-02 -1.099313e-05 
-1.253647e+01 4.378443e+01 3.139716e+00 1.300478e-02 7.135556e-02 -1.075516e-05 
-1.225585e+01 4.428992e+01 3.283757e+00 1.561151e-02 7.100629e-02 -1.051677e-05 
-1.197499e+01 4.479662e+01 3.428146e+00 1.822272e-02 7.065412e-02 -1.027796e-05 
-1.169390e+01 4.530448e+01 3.572875e+00 2.083833e-02 7.029914e-02 -1.003875e-05 
-1.141256e+01 4.581348e+01 3.717934e+00 2.345821e-02 6.994145e-02 -9.799139e-06 
-1.113100e+01 4.632359e+01 3.863317e+00 2.608227e-02 6.958111e-02 -9.559144e-06 
-1.084919e+01 4.683480e+01 4.009015e+00 2.871041e-02 6.921822e-02 -9.318772e-06 
-1.056716e+01 4.734705e+01 4.155019e+00 3.134251e-02 6.885287e-02 -9.078032e-06 
-1.028488e+01 4.786034e+01 4.301322e+00 3.397848e-02 6.848513e-02 -8.836935e-06 
-1.000238e+01 4.837462e+01 4.447915e+00 3.661821e-02 6.811509e-02 -8.595489e-06 
-9.719650e+00 4.888988e+01 4.594789e+00 3.926159e-02 6.774284e-02 -8.353704e-06 
-9.436690e+00 4.940608e+01 4.741938e+00 4.190851e-02 6.736844e-02 -8.111589e-06 
-9.153505e+00 4.992319e+01 4.889351e+00 4.455889e-02 6.699199e-02 -7.869154e-06 
-8.870097e+00 5.044119e+01 5.037022e+00 4.721260e-02 6.661355e-02 -7.626410e-06 
-8.586468e+00 5.096004e+01 5.184943e+00 4.986954e-02 6.623322e-02 -7.383364e-06 
-8.302623e+00 5.147973e+01 5.333104e+00 5.252962e-02 6.585105e-02 -7.140027e-06 
-8.018564e+00 5.200022e+01 5.481497e+00 5.519271e-02 6.546714e-02 -6.896409e-06 
-7.734294e+00 5.252148e+01 5.630116e+00 5.785873e-02 6.508156e-02 -6.652519e-06 
-7.449818e+00 5.304349e+01 5.778950e+00 6.052756e-02 6.469437e-02 -6.408366e-06 
-7.165140e+00 5.356621e+01 5.927993e+00 6.319910e-02 6.430566e-02 -6.163960e-06 
-6.880264e+00 5.408963e+01 6.077236e+00 6.587325e-02 6.391549e-02 -5.919312e-06 
-6.595195e+00 5.461370e+01 6.226671e+00 6.854989e-02 6.352393e-02 -5.674430e-06 
-6.309937e+00 5.513841e+01 6.376289e+00 7.122893e-02 6.313107e-02 -5.429324e-06 
-6.024496e+00 5.566372e+01 6.526083e+00 7.391026e-02 6.273695e-02 -5.184004e-06 
-5.738878e+00 5.618961e+01 6.676045e+00 7.659377e-02 6.234166e-02 -4.938479e-06 
-5.453087e+00 5.671605e+01 6.826166e+00 7.927936e-02 6.194526e-02 -4.692760e-06 
-5.167131e+00 5.724301e+01 6.976438e+00 8.196693e-02 6.154781e-02 -4.446855e-06 
-4.881015e+00 5.777046e+01 7.126854e+00 8.465636e-02 6.114938e-02 -4.200775e-06 
-4.594745e+00 5.829838e+01 7.277405e+00 8.734757e-02 6.075003e-02 -3.954530e-06 
-4.308330e+00 5.882673e+01 7.428082e+00 9.004043e-02 6.034983e-02 -3.708128e-06 
-4.021775e+00 5.935550e+01 7.578879e+00 9.273485e-02 5.994884e-02 -3.461580e-06 
-3.735088e+00 5.988465e+01 7.729787e+00 9.543072e-02 5.954711e-02 -3.214895e-06 
-3.448276e+00 6.041415e+01 7.880798e+00 9.812795e-02 5.914471e-02 -2.968084e-06 
-3.161349e+00 6.094398e+01 8.031903e+00 1.008264e-01 5.874170e-02 -2.721155e-06 
-2.874313e+00 6.147411e+01 8.183096e+00 1.035260e-01 5.833813e-02 -2.474120e-06 
-2.587177e+00 6.200451e+01 8.334368e+00 1.062267e-01 5.793406e-02 -2.226986e-06 
-2.299950e+00 6.253515e+01 8.485710e+00 1.089282e-01 5.752954e-02 -1.979764e-06 
-2.012642e+00 6.306601e+01 8.637116e+00 1.116306e-01 5.712463e-02 -1.732465e-06 
-1.725260e+00 6.359707e+01 8.788577e+00 1.143337e-01 5.671938e-02 -1.485097e-06 
-1.437816e+00 6.412828e+01 8.940085e+00 1.170375e-01 5.631384e-02 -1.237670e-06 
-1.150318e+00 6.465963e+01 9.091632e+00 1.197417e-01 5.590807e-02 -9.901949e-07 
-8.627770e-01 6.519109e+01 9.243211e+00 1.224464e-01 5.550211e-02 -7.426804e-07 
-5.752031e-01 6.572263e+01 9.394813e+00 1.251514e-01 5.509601e-02 -4.951365e-07 
-2.876072e-01 6.625422e+01 9.546431e+00 1.278566e-01 5.468982e-02 -2.475732e-07 
-1.315437e-14 6.678584e+01 9.698057e+00 1.305619e-01 5.428358e-02 -9.650890e-21 
