0.000000e+00 0.000000e+00 0.000000e+00 0.000000e+00 0.000000e+00 0.000000e+00 0.000000e+00 0.000000e+00 0.000000e+00 0.000000e+00 0.000000e+00 0.000000e+00 0.000000e+00 
1.000000e-01 -3.161001e-08 5.285363e-08 0.000000e+00 1.010367e-06 0.000000e+00 0.000000e+00 -9.482664e-07 1.585558e-06 0.000000e+00 3.031002e-05 0.000000e+00 0.000000e+00 
2.000000e-01 -2.527620e-07 4.227141e-07 0.000000e+00 8.080721e-06 0.000000e+00 0.000000e+00 -3.791854e-06 6.340753e-06 0.000000e+00 1.212110e-04 0.000000e+00 0.000000e+00 
3.000000e-01 -8.530155e-07 1.426458e-06 0.000000e+00 2.726861e-05 0.000000e+00 0.000000e+00 -8.527461e-06 1.426104e-05 0.000000e+00 2.726147e-04 0.000000e+00 0.000000e+00 
4.000000e-01 -2.021257e-06 3.380265e-06 0.000000e+00 6.461757e-05 0.000000e+00 0.000000e+00 -1.514843e-05 2.533921e-05 0.000000e+00 4.843778e-04 0.000000e+00 0.000000e+00 
5.000000e-01 -3.945323e-06 6.599337e-06 0.000000e+00 1.261515e-04 0.000000e+00 0.000000e+00 -2.364408e-05 3.956559e-05 0.000000e+00 7.563038e-04 0.000000e+00 0.000000e+00 
6.000000e-01 -6.811993e-06 1.139790e-05 0.000000e+00 2.178747e-04 0.000000e+00 0.000000e+00 -3.399971e-05 5.692808e-05 0.000000e+00 1.088144e-03 0.000000e+00 0.000000e+00 
7.000000e-01 -1.080522e-05 1.808865e-05 0.000000e+00 3.457591e-04 0.000000e+00 0.000000e+00 -4.619507e-05 7.741261e-05 0.000000e+00 1.479601e-03 0.000000e+00 0.000000e+00 
8.000000e-01 -1.610886e-05 2.698313e-05 0.000000e+00 5.157543e-04 0.000000e+00 0.000000e+00 -6.020580e-05 1.010027e-04 0.000000e+00 1.930326e-03 0.000000e+00 0.000000e+00 
9.000000e-01 -2.290488e-05 3.839141e-05 0.000000e+00 7.337780e-04 0.000000e+00 0.000000e+00 -7.600221e-05 1.276799e-04 0.000000e+00 2.439920e-03 0.000000e+00 0.000000e+00 
1.000000e+00 -3.137001e-05 5.262133e-05 0.000000e+00 1.005696e-03 0.000000e+00 0.000000e+00 -9.354695e-05 1.574244e-04 0.000000e+00 3.007947e-03 0.000000e+00 0.000000e+00 
1.100000e+00 -4.167574e-05 6.997843e-05 0.000000e+00 1.337322e-03 0.000000e+00 0.000000e+00 -1.127949e-04 1.902153e-04 0.000000e+00 3.633929e-03 0.000000e+00 0.000000e+00 
1.200000e+00 -5.398834e-05 9.076604e-05 0.000000e+00 1.734419e-03 0.000000e+00 0.000000e+00 -1.336933e-04 2.260305e-04 0.000000e+00 4.317350e-03 0.000000e+00 0.000000e+00 
1.300000e+00 -6.846885e-05 1.152852e-04 0.000000e+00 2.202698e-03 0.000000e+00 0.000000e+00 -1.561817e-04 2.648465e-04 0.000000e+00 5.057656e-03 0.000000e+00 0.000000e+00 
1.400000e+00 -8.527307e-05 1.438347e-04 0.000000e+00 2.747818e-03 0.000000e+00 0.000000e+00 -1.801917e-04 3.066387e-04 0.000000e+00 5.854250e-03 0.000000e+00 0.000000e+00 
1.500000e+00 -1.045516e-04 1.767111e-04 0.000000e+00 3.375387e-03 0.000000e+00 0.000000e+00 -2.056476e-04 3.513813e-04 0.000000e+00 6.706500e-03 0.000000e+00 0.000000e+00 
1.600000e+00 -1.264451e-04 2.142081e-04 0.000000e+00 4.090940e-03 0.000000e+00 0.000000e+00 -2.324636e-04 3.990476e-04 0.000000e+00 7.613738e-03 0.000000e+00 0.000000e+00 
1.700000e+00 -1.510844e-04 2.566168e-04 0.000000e+00 4.899937e-03 0.000000e+00 0.000000e+00 -2.605438e-04 4.496109e-04 0.000000e+00 8.575271e-03 0.000000e+00 0.000000e+00 
1.800000e+00 -1.785923e-04 3.042257e-04 0.000000e+00 5.807777e-03 0.000000e+00 0.000000e+00 -2.897834e-04 5.030435e-04 0.000000e+00 9.590370e-03 0.000000e+00 0.000000e+00 
1.900000e+00 -2.090787e-04 3.573202e-04 0.000000e+00 6.819778e-03 0.000000e+00 0.000000e+00 -3.200669e-04 5.593173e-04 0.000000e+00 1.065828e-02 0.000000e+00 0.000000e+00 
2.000000e+00 -2.426402e-04 4.161831e-04 0.000000e+00 7.941177e-03 0.000000e+00 0.000000e+00 -3.512688e-04 6.184034e-04 0.000000e+00 1.177820e-02 0.000000e+00 0.000000e+00 
2.100000e+00 -2.793608e-04 4.810940e-04 0.000000e+00 9.177132e-03 0.000000e+00 0.000000e+00 -3.832529e-04 6.802723e-04 0.000000e+00 1.294932e-02 0.000000e+00 0.000000e+00 
2.200000e+00 -3.193109e-04 5.523295e-04 0.000000e+00 1.053272e-02 0.000000e+00 0.000000e+00 -4.158724e-04 7.448940e-04 0.000000e+00 1.417080e-02 0.000000e+00 0.000000e+00 
2.300000e+00 -3.625482e-04 6.301635e-04 0.000000e+00 1.201293e-02 0.000000e+00 0.000000e+00 -4.489705e-04 8.122378e-04 0.000000e+00 1.544176e-02 0.000000e+00 0.000000e+00 
2.400000e+00 -4.091124e-04 7.148664e-04 0.000000e+00 1.362268e-02 0.000000e+00 0.000000e+00 -4.823794e-04 8.822721e-04 0.000000e+00 1.676128e-02 0.000000e+00 0.000000e+00 
2.500000e+00 -4.590255e-04 8.067058e-04 0.000000e+00 1.536677e-02 0.000000e+00 0.000000e+00 -5.159199e-04 9.549648e-04 0.000000e+00 1.812844e-02 0.000000e+00 0.000000e+00 
2.600000e+00 -5.122935e-04 9.059464e-04 0.000000e+00 1.724992e-02 0.000000e+00 0.000000e+00 -5.494016e-04 1.030283e-03 0.000000e+00 1.954227e-02 0.000000e+00 0.000000e+00 
2.700000e+00 -5.689004e-04 1.012849e-03 0.000000e+00 1.927675e-02 0.000000e+00 0.000000e+00 -5.826238e-04 1.108194e-03 0.000000e+00 2.100178e-02 0.000000e+00 0.000000e+00 
2.800000e+00 -6.288083e-04 1.127671e-03 0.000000e+00 2.145178e-02 0.000000e+00 0.000000e+00 -6.153751e-04 1.188660e-03 0.000000e+00 2.250593e-02 0.000000e+00 0.000000e+00 
2.900000e+00 -6.919571e-04 1.250666e-03 0.000000e+00 2.377941e-02 0.000000e+00 0.000000e+00 -6.474337e-04 1.271644e-03 0.000000e+00 2.405366e-02 0.000000e+00 0.000000e+00 
3.000000e+00 -7.582649e-04 1.382083e-03 0.000000e+00 2.626393e-02 0.000000e+00 0.000000e+00 -6.785669e-04 1.357108e-03 0.000000e+00 2.564387e-02 0.000000e+00 0.000000e+00 
3.100000e+00 -8.276279e-04 1.522169e-03 0.000000e+00 2.890955e-02 0.000000e+00 0.000000e+00 -7.085319e-04 1.445009e-03 0.000000e+00 2.727543e-02 0.000000e+00 0.000000e+00 
3.200000e+00 -8.999197e-04 1.671164e-03 0.000000e+00 3.172034e-02 0.000000e+00 0.000000e+00 -7.370752e-04 1.535306e-03 0.000000e+00 2.894717e-02 0.000000e+00 0.000000e+00 
3.300000e+00 -9.749834e-04 1.829305e-03 0.000000e+00 3.470024e-02 0.000000e+00 0.000000e+00 -7.639375e-04 1.627950e-03 0.000000e+00 3.065785e-02 0.000000e+00 0.000000e+00 
3.400000e+00 -1.052638e-03 1.996826e-03 0.000000e+00 3.785311e-02 0.000000e+00 0.000000e+00 -7.888440e-04 1.722894e-03 0.000000e+00 3.240623e-02 0.000000e+00 0.000000e+00 
3.500000e+00 -1.132677e-03 2.173956e-03 0.000000e+00 4.118266e-02 0.000000e+00 0.000000e+00 -8.115103e-04 1.820088e-03 0.000000e+00 3.419102e-02 0.000000e+00 0.000000e+00 
3.600000e+00 -1.214860e-03 2.360918e-03 0.000000e+00 4.469249e-02 0.000000e+00 0.000000e+00 -8.316464e-04 1.919476e-03 0.000000e+00 3.601086e-02 0.000000e+00 0.000000e+00 
3.700000e+00 -1.298920e-03 2.557928e-03 0.000000e+00 4.838601e-02 0.000000e+00 0.000000e+00 -8.489561e-04 2.020998e-03 0.000000e+00 3.786436e-02 0.000000e+00 0.000000e+00 
3.800000e+00 -1.384556e-03 2.765194e-03 0.000000e+00 5.226652e-02 0.000000e+00 0.000000e+00 -8.631374e-04 2.124586e-03 0.000000e+00 3.975004e-02 0.000000e+00 0.000000e+00 
3.900000e+00 -1.471439e-03 2.982919e-03 0.000000e+00 5.633712e-02 0.000000e+00 0.000000e+00 -8.738821e-04 2.230170e-03 0.000000e+00 4.166636e-02 0.000000e+00 0.000000e+00 
4.000000e+00 -1.559209e-03 3.211296e-03 0.000000e+00 6.060080e-02 0.000000e+00 0.000000e+00 -8.808764e-04 2.337673e-03 0.000000e+00 4.361175e-02 0.000000e+00 0.000000e+00 
4.100000e+00 -1.647475e-03 3.450513e-03 0.000000e+00 6.506038e-02 0.000000e+00 0.000000e+00 -8.838002e-04 2.447013e-03 0.000000e+00 4.558456e-02 0.000000e+00 0.000000e+00 
4.200000e+00 -1.735814e-03 3.700751e-03 0.000000e+00 6.971852e-02 0.000000e+00 0.000000e+00 -8.823276e-04 2.558101e-03 0.000000e+00 4.758308e-02 0.000000e+00 0.000000e+00 
4.300000e+00 -1.823776e-03 3.962183e-03 0.000000e+00 7.457774e-02 0.000000e+00 0.000000e+00 -8.761273e-04 2.670846e-03 0.000000e+00 4.960554e-02 0.000000e+00 0.000000e+00 
4.400000e+00 -1.910879e-03 4.234962e-03 0.000000e+00 7.964027e-02 0.000000e+00 0.000000e+00 -8.648851e-04 2.785142e-03 0.000000e+00 5.165009e-02 0.000000e+00 0.000000e+00 
4.500000e+00 -1.996599e-03 4.519241e-03 0.000000e+00 8.490825e-02 0.000000e+00 0.000000e+00 -8.482673e-04 2.900878e-03 0.000000e+00 5.371478e-02 0.000000e+00 0.000000e+00 
4.600000e+00 -2.080369e-03 4.815166e-03 0.000000e+00 9.038366e-02 0.000000e+00 0.000000e+00 -8.259319e-04 3.017937e-03 0.000000e+00 5.579762e-02 0.000000e+00 0.000000e+00 
4.700000e+00 -2.161598e-03 5.122865e-03 0.000000e+00 9.606824e-02 0.000000e+00 0.000000e+00 -7.975466e-04 3.136194e-03 0.000000e+00 5.789651e-02 0.000000e+00 0.000000e+00 
4.800000e+00 -2.239664e-03 5.442452e-03 0.000000e+00 1.019635e-01 0.000000e+00 0.000000e+00 -7.627895e-04 3.255511e-03 0.000000e+00 6.000928e-02 0.000000e+00 0.000000e+00 
4.900000e+00 -2.313916e-03 5.774022e-03 0.000000e+00 1.080707e-01 0.000000e+00 0.000000e+00 -7.213484e-04 3.375741e-03 0.000000e+00 6.213367e-02 0.000000e+00 0.000000e+00 
5.000000e+00 -2.383674e-03 6.117656e-03 0.000000e+00 1.143908e-01 0.000000e+00 0.000000e+00 -6.729214e-04 3.496727e-03 0.000000e+00 6.426732e-02 0.000000e+00 0.000000e+00 
5.100000e+00 -2.448228e-03 6.473415e-03 0.000000e+00 1.209246e-01 0.000000e+00 0.000000e+00 -6.172162e-04 3.618300e-03 0.000000e+00 6.640780e-02 0.000000e+00 0.000000e+00 
5.200000e+00 -2.506840e-03 6.841347e-03 0.000000e+00 1.276727e-01 0.000000e+00 0.000000e+00 -5.539509e-04 3.740283e-03 0.000000e+00 6.855259e-02 0.000000e+00 0.000000e+00 
5.300000e+00 -2.558744e-03 7.221482e-03 0.000000e+00 1.346352e-01 0.000000e+00 0.000000e+00 -4.828534e-04 3.862486e-03 0.000000e+00 7.069906e-02 0.000000e+00 0.000000e+00 
5.400000e+00 -2.603143e-03 7.613831e-03 0.000000e+00 1.418124e-01 0.000000e+00 0.000000e+00 -4.036617e-04 3.984712e-03 0.000000e+00 7.284451e-02 0.000000e+00 0.000000e+00 
5.500000e+00 -2.639212e-03 8.018393e-03 0.000000e+00 1.492038e-01 0.000000e+00 0.000000e+00 -3.161237e-04 4.106750e-03 0.000000e+00 7.498616e-02 0.000000e+00 0.000000e+00 
5.600000e+00 -2.666096e-03 8.435146e-03 0.000000e+00 1.568092e-01 0.000000e+00 0.000000e+00 -2.199974e-04 4.228383e-03 0.000000e+00 7.712114e-02 0.000000e+00 0.000000e+00 
5.700000e+00 -2.682942e-03 8.864036e-03 0.000000e+00 1.646277e-01 0.000000e+00 0.000000e+00 -1.150832e-04 4.349381e-03 0.000000e+00 7.924650e-02 0.000000e+00 0.000000e+00 
5.800000e+00 -2.688861e-03 9.304983e-03 0.000000e+00 1.726580e-01 0.000000e+00 0.000000e+00 -1.206977e-06 4.469502e-03 0.000000e+00 8.135921e-02 0.000000e+00 0.000000e+00 
5.900000e+00 -2.682926e-03 9.757889e-03 0.000000e+00 1.808989e-01 0.000000e+00 0.000000e+00 1.218025e-04 4.588487e-03 0.000000e+00 8.345609e-02 0.000000e+00 0.000000e+00 
6.000000e+00 -2.664206e-03 1.022263e-02 0.000000e+00 1.893486e-01 0.000000e+00 0.000000e+00 2.540819e-04 4.706073e-03 0.000000e+00 8.553394e-02 0.000000e+00 0.000000e+00 
6.100000e+00 -2.631771e-03 1.069905e-02 0.000000e+00 1.980050e-01 0.000000e+00 0.000000e+00 3.957332e-04 4.821986e-03 0.000000e+00 8.758947e-02 0.000000e+00 0.000000e+00 
6.200000e+00 -2.584688e-03 1.118698e-02 0.000000e+00 2.068657e-01 0.000000e+00 0.000000e+00 5.468240e-04 4.935947e-03 0.000000e+00 8.961938e-02 0.000000e+00 0.000000e+00 
6.300000e+00 -2.522021e-03 1.168618e-02 0.000000e+00 2.159280e-01 0.000000e+00 0.000000e+00 7.073870e-04 5.047667e-03 0.000000e+00 9.162030e-02 0.000000e+00 0.000000e+00 
6.400000e+00 -2.442836e-03 1.219644e-02 0.000000e+00 2.251888e-01 0.000000e+00 0.000000e+00 8.774207e-04 5.156853e-03 0.000000e+00 9.358881e-02 0.000000e+00 0.000000e+00 
6.500000e+00 -2.346195e-03 1.271747e-02 0.000000e+00 2.346446e-01 0.000000e+00 0.000000e+00 1.056889e-03 5.263200e-03 0.000000e+00 9.552144e-02 0.000000e+00 0.000000e+00 
6.600000e+00 -2.231158e-03 1.324897e-02 0.000000e+00 2.442917e-01 0.000000e+00 0.000000e+00 1.245720e-03 5.366398e-03 0.000000e+00 9.741467e-02 0.000000e+00 0.000000e+00 
6.700000e+00 -2.096785e-03 1.379062e-02 0.000000e+00 2.541260e-01 0.000000e+00 0.000000e+00 1.443809e-03 5.466129e-03 0.000000e+00 9.926494e-02 0.000000e+00 0.000000e+00 
6.800000e+00 -1.942135e-03 1.434206e-02 0.000000e+00 2.641431e-01 0.000000e+00 0.000000e+00 1.651015e-03 5.562068e-03 0.000000e+00 1.010686e-01 0.000000e+00 0.000000e+00 
6.900000e+00 -1.766312e-03 1.490289e-02 0.000000e+00 2.743381e-01 0.000000e+00 0.000000e+00 1.867149e-03 5.653894e-03 0.000000e+00 1.028222e-01 0.000000e+00 0.000000e+00 
7.000000e+00 -1.568441e-03 1.547269e-02 0.000000e+00 2.847058e-01 0.000000e+00 0.000000e+00 2.091967e-03 5.741285e-03 0.000000e+00 1.045220e-01 0.000000e+00 0.000000e+00 
7.100000e+00 -1.347654e-03 1.605099e-02 0.000000e+00 2.952406e-01 0.000000e+00 0.000000e+00 2.325189e-03 5.823910e-03 0.000000e+00 1.061645e-01 0.000000e+00 0.000000e+00 
7.200000e+00 -1.103124e-03 1.663730e-02 0.000000e+00 3.059366e-01 0.000000e+00 0.000000e+00 2.566491e-03 5.901446e-03 0.000000e+00 1.077462e-01 0.000000e+00 0.000000e+00 
7.300000e+00 -8.340667e-04 1.723109e-02 0.000000e+00 3.167876e-01 0.000000e+00 0.000000e+00 2.815504e-03 5.973575e-03 0.000000e+00 1.092635e-01 0.000000e+00 0.000000e+00 
7.400000e+00 -5.397412e-04 1.783182e-02 0.000000e+00 3.277870e-01 0.000000e+00 0.000000e+00 3.071819e-03 6.039986e-03 0.000000e+00 1.107131e-01 0.000000e+00 0.000000e+00 
7.500000e+00 -2.194486e-04 1.843889e-02 0.000000e+00 3.389278e-01 0.000000e+00 0.000000e+00 3.334978e-03 6.100374e-03 0.000000e+00 1.120915e-01 0.000000e+00 0.000000e+00 
7.600000e+00 1.274668e-04 1.905169e-02 0.000000e+00 3.502028e-01 0.000000e+00 0.000000e+00 3.604484e-03 6.154439e-03 0.000000e+00 1.133955e-01 0.000000e+00 0.000000e+00 
7.700000e+00 5.016184e-04 1.966956e-02 0.000000e+00 3.616044e-01 0.000000e+00 0.000000e+00 3.879792e-03 6.201890e-03 0.000000e+00 1.146219e-01 0.000000e+00 0.000000e+00 
7.800000e+00 9.035752e-04 2.029184e-02 0.000000e+00 3.731246e-01 0.000000e+00 0.000000e+00 4.160317e-03 6.242441e-03 0.000000e+00 1.157674e-01 0.000000e+00 0.000000e+00 
7.900000e+00 1.333821e-03 2.091782e-02 0.000000e+00 3.847552e-01 0.000000e+00 0.000000e+00 4.445443e-03 6.275830e-03 0.000000e+00 1.168292e-01 0.000000e+00 0.000000e+00 
8.000000e+00 1.792782e-03 2.154677e-02 0.000000e+00 3.964876e-01 0.000000e+00 0.000000e+00 4.734500e-03 6.301806e-03 0.000000e+00 1.178044e-01 0.000000e+00 0.000000e+00 
8.100000e+00 2.280824e-03 2.217792e-02 0.000000e+00 4.083131e-01 0.000000e+00 0.000000e+00 5.026781e-03 6.320129e-03 0.000000e+00 1.186901e-01 0.000000e+00 0.000000e+00 
8.200000e+00 2.798231e-03 2.281052e-02 0.000000e+00 4.202225e-01 0.000000e+00 0.000000e+00 5.321555e-03 6.330588e-03 0.000000e+00 1.194839e-01 0.000000e+00 0.000000e+00 
8.300000e+00 3.345212e-03 2.344375e-02 0.000000e+00 4.322066e-01 0.000000e+00 0.000000e+00 5.618064e-03 6.332991e-03 0.000000e+00 1.201834e-01 0.000000e+00 0.000000e+00 
8.400000e+00 3.921894e-03 2.407683e-02 0.000000e+00 4.442558e-01 0.000000e+00 0.000000e+00 5.915525e-03 6.327170e-03 0.000000e+00 1.207864e-01 0.000000e+00 0.000000e+00 
8.500000e+00 4.528330e-03 2.470890e-02 0.000000e+00 4.563605e-01 0.000000e+00 0.000000e+00 6.213128e-03 6.312980e-03 0.000000e+00 1.212909e-01 0.000000e+00 0.000000e+00 
8.600000e+00 5.164490e-03 2.533915e-02 0.000000e+00 4.685107e-01 0.000000e+00 0.000000e+00 6.510039e-03 6.290302e-03 0.000000e+00 1.216953e-01 0.000000e+00 0.000000e+00 
8.700000e+00 5.830271e-03 2.596670e-02 0.000000e+00 4.806963e-01 0.000000e+00 0.000000e+00 6.805396e-03 6.259035e-03 0.000000e+00 1.219978e-01 0.000000e+00 0.000000e+00 
8.800000e+00 6.525484e-03 2.659068e-02 0.000000e+00 4.929070e-01 0.000000e+00 0.000000e+00 7.098334e-03 6.219111e-03 0.000000e+00 1.221972e-01 0.000000e+00 0.000000e+00 
8.900000e+00 7.249840e-03 2.721025e-02 0.000000e+00 5.051324e-01 0.000000e+00 0.000000e+00 7.387989e-03 6.170496e-03 0.000000e+00 1.222926e-01 0.000000e+00 0.000000e+00 
9.000000e+00 8.002957e-03 2.782451e-02 0.000000e+00 5.173622e-01 0.000000e+00 0.000000e+00 7.673457e-03 6.113186e-03 0.000000e+00 1.222829e-01 0.000000e+00 0.000000e+00 
9.100000e+00 8.784366e-03 2.843259e-02 0.000000e+00 5.295855e-01 0.000000e+00 0.000000e+00 7.953847e-03 6.047206e-03 0.000000e+00 1.221678e-01 0.000000e+00 0.000000e+00 
9.200000e+00 9.593518e-03 2.903363e-02 0.000000e+00 5.417920e-01 0.000000e+00 0.000000e+00 8.228284e-03 5.972617e-03 0.000000e+00 1.219470e-01 0.000000e+00 0.000000e+00 
9.300000e+00 1.042978e-02 2.962679e-02 0.000000e+00 5.539710e-01 0.000000e+00 0.000000e+00 8.495911e-03 5.889513e-03 0.000000e+00 1.216206e-01 0.000000e+00 0.000000e+00 
9.400000e+00 1.129242e-02 3.021122e-02 0.000000e+00 5.661122e-01 0.000000e+00 0.000000e+00 8.755887e-03 5.798023e-03 0.000000e+00 1.211888e-01 0.000000e+00 0.000000e+00 
9.500000e+00 1.218066e-02 3.078610e-02 0.000000e+00 5.782051e-01 0.000000e+00 0.000000e+00 9.007389e-03 5.698309e-03 0.000000e+00 1.206525e-01 0.000000e+00 0.000000e+00 
9.600000e+00 1.309359e-02 3.135062e-02 0.000000e+00 5.902393e-01 0.000000e+00 0.000000e+00 9.249609e-03 5.590565e-03 0.000000e+00 1.200125e-01 0.000000e+00 0.000000e+00 
9.700000e+00 1.403026e-02 3.190399e-02 0.000000e+00 6.022045e-01 0.000000e+00 0.000000e+00 9.481758e-03 5.475022e-03 0.000000e+00 1.192701e-01 0.000000e+00 0.000000e+00 
9.800000e+00 1.498960e-02 3.244541e-02 0.000000e+00 6.140902e-01 0.000000e+00 0.000000e+00 9.703061e-03 5.351942e-03 0.000000e+00 1.184268e-01 0.000000e+00 0.000000e+00 
9.900000e+00 1.597052e-02 3.297416e-02 0.000000e+00 6.258867e-01 0.000000e+00 0.000000e+00 9.912818e-03 5.221609e-03 0.000000e+00 1.174844e-01 0.000000e+00 0.000000e+00 
1.000000e+01 1.697184e-02 3.348953e-02 0.000000e+00 6.375842e-01 0.000000e+00 0.000000e+00 1.011036e-02 5.084361e-03 0.000000e+00 1.164452e-01 0.000000e+00 0.000000e+00 
1.010000e+01 1.799225e-02 3.399083e-02 0.000000e+00 6.491729e-01 0.000000e+00 0.000000e+00 1.029504e-02 4.940574e-03 0.000000e+00 1.153117e-01 0.000000e+00 0.000000e+00 
1.020000e+01 1.903042e-02 3.447744e-02 0.000000e+00 6.606434e-01 0.000000e+00 0.000000e+00 1.046627e-02 4.790650e-03 0.000000e+00 1.140867e-01 0.000000e+00 0.000000e+00 
1.030000e+01 2.008498e-02 3.494875e-02 0.000000e+00 6.719870e-01 0.000000e+00 0.000000e+00 1.062352e-02 4.635012e-03 0.000000e+00 1.127732e-01 0.000000e+00 0.000000e+00 
1.040000e+01 2.115453e-02 3.540422e-02 0.000000e+00 6.831948e-01 0.000000e+00 0.000000e+00 1.076633e-02 4.474103e-03 0.000000e+00 1.113747e-01 0.000000e+00 0.000000e+00 
1.050000e+01 2.223762e-02 3.584336e-02 0.000000e+00 6.942586e-01 0.000000e+00 0.000000e+00 1.089430e-02 4.308390e-03 0.000000e+00 1.098945e-01 0.000000e+00 0.000000e+00 
1.060000e+01 2.333277e-02 3.626571e-02 0.000000e+00 7.051706e-01 0.000000e+00 0.000000e+00 1.100708e-02 4.138362e-03 0.000000e+00 1.083365e-01 0.000000e+00 0.000000e+00 
1.070000e+01 2.443846e-02 3.667089e-02 0.000000e+00 7.159233e-01 0.000000e+00 0.000000e+00 1.110438e-02 3.964529e-03 0.000000e+00 1.067046e-01 0.000000e+00 0.000000e+00 
1.080000e+01 2.555313e-02 3.705852e-02 0.000000e+00 7.265094e-01 0.000000e+00 0.000000e+00 1.118599e-02 3.787423e-03 0.000000e+00 1.050031e-01 0.000000e+00 0.000000e+00 
1.090000e+01 2.667521e-02 3.742832e-02 0.000000e+00 7.369222e-01 0.000000e+00 0.000000e+00 1.125173e-02 3.607600e-03 0.000000e+00 1.032364e-01 0.000000e+00 0.000000e+00 
1.100000e+01 2.780305e-02 3.778002e-02 0.000000e+00 7.471551e-01 0.000000e+00 0.000000e+00 1.130151e-02 3.425635e-03 0.000000e+00 1.014093e-01 0.000000e+00 0.000000e+00 
1.110000e+01 2.893504e-02 3.811341e-02 0.000000e+00 7.572024e-01 0.000000e+00 0.000000e+00 1.133528e-02 3.242106e-03 0.000000e+00 9.952650e-02 0.000000e+00 0.000000e+00 
1.120000e+01 3.006962e-02 3.842839e-02 0.000000e+00 7.670587e-01 0.000000e+00 0.000000e+00 1.135310e-02 3.057572e-03 0.000000e+00 9.759277e-02 0.000000e+00 0.000000e+00 
1.130000e+01 3.120518e-02 3.872490e-02 0.000000e+00 7.767193e-01 0.000000e+00 0.000000e+00 1.135508e-02 2.872631e-03 0.000000e+00 9.561322e-02 0.000000e+00 0.000000e+00 
1.140000e+01 3.234013e-02 3.900292e-02 0.000000e+00 7.861800e-01 0.000000e+00 0.000000e+00 1.134141e-02 2.687873e-03 0.000000e+00 9.359295e-02 0.000000e+00 0.000000e+00 
1.150000e+01 3.347291e-02 3.926251e-02 0.000000e+00 7.954367e-01 0.000000e+00 0.000000e+00 1.131233e-02 2.503870e-03 0.000000e+00 9.153703e-02 0.000000e+00 0.000000e+00 
1.160000e+01 3.460201e-02 3.950376e-02 0.000000e+00 8.044864e-01 0.000000e+00 0.000000e+00 1.126812e-02 2.321181e-03 0.000000e+00 8.945048e-02 0.000000e+00 0.000000e+00 
1.170000e+01 3.572596e-02 3.972683e-02 0.000000e+00 8.133260e-01 0.000000e+00 0.000000e+00 1.120914e-02 2.140350e-03 0.000000e+00 8.733830e-02 0.000000e+00 0.000000e+00 
1.180000e+01 3.684331e-02 3.993192e-02 0.000000e+00 8.219534e-01 0.000000e+00 0.000000e+00 1.113578e-02 1.961905e-03 0.000000e+00 8.520544e-02 0.000000e+00 0.000000e+00 
1.190000e+01 3.795265e-02 4.011931e-02 0.000000e+00 8.303666e-01 0.000000e+00 0.000000e+00 1.104852e-02 1.786361e-03 0.000000e+00 8.305681e-02 0.000000e+00 0.000000e+00 
1.200000e+01 3.905261e-02 4.028930e-02 0.000000e+00 8.385644e-01 0.000000e+00 0.000000e+00 1.094786e-02 1.614217e-03 0.000000e+00 8.089729e-02 0.000000e+00 0.000000e+00 
1.210000e+01 4.014185e-02 4.044227e-02 0.000000e+00 8.465459e-01 0.000000e+00 0.000000e+00 1.083437e-02 1.445958e-03 0.000000e+00 7.873171e-02 0.000000e+00 0.000000e+00 
1.220000e+01 4.121911e-02 4.057862e-02 0.000000e+00 8.543106e-01 0.000000e+00 0.000000e+00 1.070865e-02 1.282040e-03 0.000000e+00 7.656475e-02 0.000000e+00 0.000000e+00 
1.230000e+01 4.228320e-02 4.069879e-02 0.000000e+00 8.618587e-01 0.000000e+00 0.000000e+00 1.057131e-02 1.122862e-03 0.000000e+00 7.440073e-02 0.000000e+00 0.000000e+00 
1.240000e+01 4.333301e-02 4.080331e-02 0.000000e+00 8.691907e-01 0.000000e+00 0.000000e+00 1.042306e-02 9.688101e-04 0.000000e+00 7.224394e-02 0.000000e+00 0.000000e+00 
1.250000e+01 4.436747e-02 4.089271e-02 0.000000e+00 8.763077e-01 0.000000e+00 0.000000e+00 1.026459e-02 8.202303e-04 0.000000e+00 7.009846e-02 0.000000e+00 0.000000e+00 
1.260000e+01 4.538560e-02 4.096757e-02 0.000000e+00 8.832110e-01 0.000000e+00 0.000000e+00 1.009662e-02 6.774317e-04 0.000000e+00 6.796811e-02 0.000000e+00 0.000000e+00 
1.270000e+01 4.638649e-02 4.102846e-02 0.000000e+00 8.899023e-01 0.000000e+00 0.000000e+00 9.919882e-03 5.406846e-04 0.000000e+00 6.585647e-02 0.000000e+00 0.000000e+00 
1.280000e+01 4.736930e-02 4.107600e-02 0.000000e+00 8.963836e-01 0.000000e+00 0.000000e+00 9.735086e-03 4.102205e-04 0.000000e+00 6.376687e-02 0.000000e+00 0.000000e+00 
1.290000e+01 4.833326e-02 4.111080e-02 0.000000e+00 9.026570e-01 0.000000e+00 0.000000e+00 9.542961e-03 2.862324e-04 0.000000e+00 6.170238e-02 0.000000e+00 0.000000e+00 
1.300000e+01 4.927767e-02 4.113351e-02 0.000000e+00 9.087252e-01 0.000000e+00 0.000000e+00 9.344238e-03 1.688747e-04 0.000000e+00 5.966584e-02 0.000000e+00 0.000000e+00 
1.310000e+01 5.020192e-02 4.114479e-02 0.000000e+00 9.145912e-01 0.000000e+00 0.000000e+00 9.139651e-03 5.826301e-05 0.000000e+00 5.765984e-02 0.000000e+00 0.000000e+00 
1.320000e+01 5.110544e-02 4.114534e-02 0.000000e+00 9.202580e-01 0.000000e+00 0.000000e+00 8.929938e-03 -4.552540e-05 0.000000e+00 5.568672e-02 0.000000e+00 0.000000e+00 
1.330000e+01 5.198777e-02 4.113585e-02 0.000000e+00 9.257293e-01 0.000000e+00 0.000000e+00 8.715841e-03 -1.424520e-04 0.000000e+00 5.374856e-02 0.000000e+00 0.000000e+00 
1.340000e+01 5.284848e-02 4.111704e-02 0.000000e+00 9.310087e-01 0.000000e+00 0.000000e+00 8.498083e-03 -2.325066e-04 0.000000e+00 5.184725e-02 0.000000e+00 0.000000e+00 
1.350000e+01 5.368723e-02 4.108955e-02 0.000000e+00 9.360997e-01 0.000000e+00 0.000000e+00 8.277318e-03 -3.157078e-04 0.000000e+00 4.998439e-02 0.000000e+00 0.000000e+00 
1.360000e+01 5.450379e-02 4.105408e-02 0.000000e+00 9.410065e-01 0.000000e+00 0.000000e+00 8.054210e-03 -3.921455e-04 0.000000e+00 4.816119e-02 0.000000e+00 0.000000e+00 
1.370000e+01 5.529797e-02 4.101132e-02 0.000000e+00 9.457332e-01 0.000000e+00 0.000000e+00 7.829400e-03 -4.619314e-04 0.000000e+00 4.637863e-02 0.000000e+00 0.000000e+00 
1.380000e+01 5.606964e-02 4.096192e-02 0.000000e+00 9.502837e-01 0.000000e+00 0.000000e+00 7.603490e-03 -5.251956e-04 0.000000e+00 4.463757e-02 0.000000e+00 0.000000e+00 
1.390000e+01 5.681871e-02 4.090652e-02 0.000000e+00 9.546624e-01 0.000000e+00 0.000000e+00 7.377051e-03 -5.820871e-04 0.000000e+00 4.293866e-02 0.000000e+00 0.000000e+00 
1.400000e+01 5.754514e-02 4.084576e-02 0.000000e+00 9.588733e-01 0.000000e+00 0.000000e+00 7.150622e-03 -6.327735e-04 0.000000e+00 4.128240e-02 0.000000e+00 0.000000e+00 
1.410000e+01 5.824894e-02 4.078022e-02 0.000000e+00 9.629208e-01 0.000000e+00 0.000000e+00 6.924705e-03 -6.774410e-04 0.000000e+00 3.966910e-02 0.000000e+00 0.000000e+00 
1.420000e+01 5.893019e-02 4.071051e-02 0.000000e+00 9.668090e-01 0.000000e+00 0.000000e+00 6.699772e-03 -7.162943e-04 0.000000e+00 3.809891e-02 0.000000e+00 0.000000e+00 
1.430000e+01 5.958899e-02 4.063717e-02 0.000000e+00 9.705422e-01 0.000000e+00 0.000000e+00 6.476260e-03 -7.495570e-04 0.000000e+00 3.657181e-02 0.000000e+00 0.000000e+00 
1.440000e+01 6.022549e-02 4.056076e-02 0.000000e+00 9.741247e-01 0.000000e+00 0.000000e+00 6.254571e-03 -7.774713e-04 0.000000e+00 3.508761e-02 0.000000e+00 0.000000e+00 
1.450000e+01 6.083992e-02 4.048181e-02 0.000000e+00 9.775608e-01 0.000000e+00 0.000000e+00 6.035076e-03 -8.002978e-04 0.000000e+00 3.364593e-02 0.000000e+00 0.000000e+00 
1.460000e+01 6.143252e-02 4.040082e-02 0.000000e+00 9.808548e-01 0.000000e+00 0.000000e+00 5.818111e-03 -8.183159e-04 0.000000e+00 3.224624e-02 0.000000e+00 0.000000e+00 
1.470000e+01 6.200359e-02 4.031828e-02 0.000000e+00 9.840112e-01 0.000000e+00 0.000000e+00 5.603987e-03 -8.318091e-04 0.000000e+00 3.088792e-02 0.000000e+00 0.000000e+00 
1.480000e+01 6.255338e-02 4.023461e-02 0.000000e+00 9.870338e-01 0.000000e+00 0.000000e+00 5.392984e-03 -8.410224e-04 0.000000e+00 2.957049e-02 0.000000e+00 0.000000e+00 
1.490000e+01 6.308224e-02 4.015023e-02 0.000000e+00 9.899266e-01 0.000000e+00 0.000000e+00 5.185321e-03 -8.462398e-04 0.000000e+00 2.829315e-02 0.000000e+00 0.000000e+00 
1.500000e+01 6.359052e-02 4.006551e-02 0.000000e+00 9.926937e-01 0.000000e+00 0.000000e+00 4.981189e-03 -8.477424e-04 0.000000e+00 2.705507e-02 0.000000e+00 0.000000e+00 
1.510000e+01 6.407859e-02 3.998080e-02 0.000000e+00 9.953389e-01 0.000000e+00 0.000000e+00 4.780763e-03 -8.458039e-04 0.000000e+00 2.585537e-02 0.000000e+00 0.000000e+00 
1.520000e+01 6.454683e-02 3.989644e-02 0.000000e+00 9.978661e-01 0.000000e+00 0.000000e+00 4.584196e-03 -8.406902e-04 0.000000e+00 2.469321e-02 0.000000e+00 0.000000e+00 
1.530000e+01 6.499562e-02 3.981273e-02 0.000000e+00 1.000279e+00 0.000000e+00 0.000000e+00 4.391623e-03 -8.326593e-04 0.000000e+00 2.356772e-02 0.000000e+00 0.000000e+00 
1.540000e+01 6.542537e-02 3.972996e-02 0.000000e+00 1.002581e+00 0.000000e+00 0.000000e+00 4.203156e-03 -8.219617e-04 0.000000e+00 2.247800e-02 0.000000e+00 0.000000e+00 
1.550000e+01 6.583647e-02 3.964839e-02 0.000000e+00 1.004776e+00 0.000000e+00 0.000000e+00 4.018891e-03 -8.088401e-04 0.000000e+00 2.142320e-02 0.000000e+00 0.000000e+00 
1.560000e+01 6.622935e-02 3.956824e-02 0.000000e+00 1.006867e+00 0.000000e+00 0.000000e+00 3.838902e-03 -7.935294e-04 0.000000e+00 2.040240e-02 0.000000e+00 0.000000e+00 
1.570000e+01 6.660442e-02 3.948974e-02 0.000000e+00 1.008857e+00 0.000000e+00 0.000000e+00 3.663244e-03 -7.762569e-04 0.000000e+00 1.941471e-02 0.000000e+00 0.000000e+00 
1.580000e+01 6.696213e-02 3.941306e-02 0.000000e+00 1.010751e+00 0.000000e+00 0.000000e+00 3.491951e-03 -7.572421e-04 0.000000e+00 1.845923e-02 0.000000e+00 0.000000e+00 
1.590000e+01 6.730291e-02 3.933836e-02 0.000000e+00 1.012550e+00 0.000000e+00 0.000000e+00 3.325038e-03 -7.366966e-04 0.000000e+00 1.753504e-02 0.000000e+00 0.000000e+00 
1.600000e+01 6.762722e-02 3.926579e-02 0.000000e+00 1.014259e+00 0.000000e+00 0.000000e+00 3.162500e-03 -7.148247e-04 0.000000e+00 1.664122e-02 0.000000e+00 0.000000e+00 
1.610000e+01 6.793552e-02 3.919545e-02 0.000000e+00 1.015879e+00 0.000000e+00 0.000000e+00 3.004317e-03 -6.918221e-04 0.000000e+00 1.577684e-02 0.000000e+00 0.000000e+00 
1.620000e+01 6.822822e-02 3.912747e-02 0.000000e+00 1.017415e+00 0.000000e+00 0.000000e+00 2.850496e-03 -6.678663e-04 0.000000e+00 1.494114e-02 0.000000e+00 0.000000e+00 
1.630000e+01 6.850576e-02 3.906193e-02 0.000000e+00 1.018868e+00 0.000000e+00 0.000000e+00 2.701020e-03 -6.431191e-04 0.000000e+00 1.413335e-02 0.000000e+00 0.000000e+00 
1.640000e+01 6.876857e-02 3.899888e-02 0.000000e+00 1.020243e+00 0.000000e+00 0.000000e+00 2.555858e-03 -6.177342e-04 0.000000e+00 1.335272e-02 0.000000e+00 0.000000e+00 
1.650000e+01 6.901707e-02 3.893840e-02 0.000000e+00 1.021540e+00 0.000000e+00 0.000000e+00 2.414978e-03 -5.918572e-04 0.000000e+00 1.259853e-02 0.000000e+00 0.000000e+00 
1.660000e+01 6.925171e-02 3.888051e-02 0.000000e+00 1.022763e+00 0.000000e+00 0.000000e+00 2.278348e-03 -5.656252e-04 0.000000e+00 1.187011e-02 0.000000e+00 0.000000e+00 
1.670000e+01 6.947288e-02 3.882526e-02 0.000000e+00 1.023915e+00 0.000000e+00 0.000000e+00 2.145934e-03 -5.391669e-04 0.000000e+00 1.116682e-02 0.000000e+00 0.000000e+00 
1.680000e+01 6.968103e-02 3.877266e-02 0.000000e+00 1.024997e+00 0.000000e+00 0.000000e+00 2.017705e-03 -5.126029e-04 0.000000e+00 1.048807e-02 0.000000e+00 0.000000e+00 
1.690000e+01 6.987657e-02 3.872271e-02 0.000000e+00 1.026013e+00 0.000000e+00 0.000000e+00 1.893626e-03 -4.860450e-04 0.000000e+00 9.833288e-03 0.000000e+00 0.000000e+00 
1.700000e+01 7.005990e-02 3.867543e-02 0.000000e+00 1.026965e+00 0.000000e+00 0.000000e+00 1.773664e-03 -4.595970e-04 0.000000e+00 9.201970e-03 0.000000e+00 0.000000e+00 
1.710000e+01 7.023143e-02 3.863078e-02 0.000000e+00 1.027854e+00 0.000000e+00 0.000000e+00 1.657783e-03 -4.333543e-04 0.000000e+00 8.593637e-03 0.000000e+00 0.000000e+00 
1.720000e+01 7.039159e-02 3.858876e-02 0.000000e+00 1.028684e+00 0.000000e+00 0.000000e+00 1.545948e-03 -4.074038e-04 0.000000e+00 8.007849e-03 0.000000e+00 0.000000e+00 
1.730000e+01 7.054076e-02 3.854931e-02 0.000000e+00 1.029457e+00 0.000000e+00 0.000000e+00 1.438125e-03 -3.818242e-04 0.000000e+00 7.444209e-03 0.000000e+00 0.000000e+00 
1.740000e+01 7.067934e-02 3.851240e-02 0.000000e+00 1.030174e+00 0.000000e+00 0.000000e+00 1.334275e-03 -3.566857e-04 0.000000e+00 6.902359e-03 0.000000e+00 0.000000e+00 
1.750000e+01 7.080774e-02 3.847797e-02 0.000000e+00 1.030838e+00 0.000000e+00 0.000000e+00 1.234371e-03 -3.320564e-04 0.000000e+00 6.381969e-03 0.000000e+00 0.000000e+00 
1.760000e+01 7.092635e-02 3.844597e-02 0.000000e+00 1.031451e+00 0.000000e+00 0.000000e+00 1.138391e-03 -3.080019e-04 0.000000e+00 5.882756e-03 0.000000e+00 0.000000e+00 
1.770000e+01 7.103556e-02 3.841635e-02 0.000000e+00 1.032015e+00 0.000000e+00 0.000000e+00 1.046314e-03 -2.845776e-04 0.000000e+00 5.404481e-03 0.000000e+00 0.000000e+00 
1.780000e+01 7.113575e-02 3.838903e-02 0.000000e+00 1.032532e+00 0.000000e+00 0.000000e+00 9.581221e-04 -2.618354e-04 0.000000e+00 4.946933e-03 0.000000e+00 0.000000e+00 
1.790000e+01 7.122731e-02 3.836395e-02 0.000000e+00 1.033005e+00 0.000000e+00 0.000000e+00 8.738001e-04 -2.398239e-04 0.000000e+00 4.509930e-03 0.000000e+00 0.000000e+00 
1.800000e+01 7.131063e-02 3.834104e-02 0.000000e+00 1.033435e+00 0.000000e+00 0.000000e+00 7.933362e-04 -2.185882e-04 0.000000e+00 4.093314e-03 0.000000e+00 0.000000e+00 
1.810000e+01 7.138610e-02 3.832020e-02 0.000000e+00 1.033824e+00 0.000000e+00 0.000000e+00 7.167219e-04 -1.981699e-04 0.000000e+00 3.696957e-03 0.000000e+00 0.000000e+00 
1.820000e+01 7.145410e-02 3.830137e-02 0.000000e+00 1.034175e+00 0.000000e+00 0.000000e+00 6.439517e-04 -1.786074e-04 0.000000e+00 3.320757e-03 0.000000e+00 0.000000e+00 
1.830000e+01 7.151501e-02 3.828445e-02 0.000000e+00 1.034489e+00 0.000000e+00 0.000000e+00 5.750235e-04 -1.599353e-04 0.000000e+00 2.964640e-03 0.000000e+00 0.000000e+00 
1.840000e+01 7.156923e-02 3.826935e-02 0.000000e+00 1.034769e+00 0.000000e+00 0.000000e+00 5.099384e-04 -1.421852e-04 0.000000e+00 2.628558e-03 0.000000e+00 0.000000e+00 
1.850000e+01 7.161713e-02 3.825599e-02 0.000000e+00 1.035016e+00 0.000000e+00 0.000000e+00 4.487007e-04 -1.253849e-04 0.000000e+00 2.312491e-03 0.000000e+00 0.000000e+00 
1.860000e+01 7.165910e-02 3.824425e-02 0.000000e+00 1.035232e+00 0.000000e+00 0.000000e+00 3.913179e-04 -1.095591e-04 0.000000e+00 2.016447e-03 0.000000e+00 0.000000e+00 
1.870000e+01 7.169553e-02 3.823404e-02 0.000000e+00 1.035420e+00 0.000000e+00 0.000000e+00 3.377972e-04 -9.473131e-05 0.000000e+00 1.740431e-03 0.000000e+00 0.000000e+00 
1.880000e+01 7.172679e-02 3.822527e-02 0.000000e+00 1.035581e+00 0.000000e+00 0.000000e+00 2.881498e-04 -8.092386e-05 0.000000e+00 1.484466e-03 0.000000e+00 0.000000e+00 
1.890000e+01 7.175329e-02 3.821783e-02 0.000000e+00 1.035717e+00 0.000000e+00 0.000000e+00 2.423915e-04 -6.815553e-05 0.000000e+00 1.248614e-03 0.000000e+00 0.000000e+00 
1.900000e+01 7.177540e-02 3.821161e-02 0.000000e+00 1.035831e+00 0.000000e+00 0.000000e+00 2.005379e-04 -5.644341e-05 0.000000e+00 1.032936e-03 0.000000e+00 0.000000e+00 
1.910000e+01 7.179352e-02 3.820650e-02 0.000000e+00 1.035924e+00 0.000000e+00 0.000000e+00 1.626043e-04 -4.580295e-05 0.000000e+00 8.374947e-04 0.000000e+00 0.000000e+00 
1.920000e+01 7.180805e-02 3.820241e-02 0.000000e+00 1.035999e+00 0.000000e+00 0.000000e+00 1.286060e-04 -3.624794e-05 0.000000e+00 6.623551e-04 0.000000e+00 0.000000e+00 
1.930000e+01 7.181938e-02 3.819921e-02 0.000000e+00 1.036058e+00 0.000000e+00 0.000000e+00 9.855791e-05 -2.779054e-05 0.000000e+00 5.075821e-04 0.000000e+00 0.000000e+00 
1.940000e+01 7.182790e-02 3.819681e-02 0.000000e+00 1.036101e+00 0.000000e+00 0.000000e+00 7.247464e-05 -2.044125e-05 0.000000e+00 3.732422e-04 0.000000e+00 0.000000e+00 
1.950000e+01 7.183400e-02 3.819508e-02 0.000000e+00 1.036133e+00 0.000000e+00 0.000000e+00 5.037067e-05 -1.420891e-05 0.000000e+00 2.594031e-04 0.000000e+00 0.000000e+00 
1.960000e+01 7.183810e-02 3.819393e-02 0.000000e+00 1.036154e+00 0.000000e+00 0.000000e+00 3.226021e-05 -9.100749e-06 0.000000e+00 1.661334e-04 0.000000e+00 0.000000e+00 
1.970000e+01 7.184059e-02 3.819323e-02 0.000000e+00 1.036167e+00 0.000000e+00 0.000000e+00 1.815726e-05 -5.122314e-06 0.000000e+00 9.350329e-05 0.000000e+00 0.000000e+00 
1.980000e+01 7.184187e-02 3.819287e-02 0.000000e+00 1.036173e+00 0.000000e+00 0.000000e+00 8.075562e-06 -2.277521e-06 0.000000e+00 4.158366e-05 0.000000e+00 0.000000e+00 
1.990000e+01 7.184234e-02 3.819274e-02 0.000000e+00 1.036176e+00 0.000000e+00 0.000000e+00 2.024151e-06 -5.692919e-07 0.000000e+00 1.042066e-05 0.000000e+00 0.000000e+00 
2.000000e+01 7.184241e-02 3.819272e-02 0.000000e+00 1.036176e+00 0.000000e+00 0.000000e+00 6.389009e-09 3.105451e-10 0.000000e+00 2.979255e-08 0.000000e+00 0.000000e+00 
