0.000000e+00 0.000000e+00 0.000000e+00 0.000000e+00 
0.000000e+00 8.208271e-08 -8.208275e-08 -3.570654e-14 
0.000000e+00 1.312679e-06 -1.306394e-06 6.285029e-09 
0.000000e+00 6.640025e-06 -6.634813e-06 5.211663e-09 
0.000000e+00 2.096192e-05 -2.096657e-05 -4.654689e-09 
0.000000e+00 5.110206e-05 -5.110901e-05 -6.950939e-09 
0.000000e+00 1.057774e-04 -1.057776e-04 -2.215591e-10 
0.000000e+00 1.955566e-04 -1.953923e-04 1.642975e-07 
0.000000e+00 3.328103e-04 -3.324379e-04 3.723844e-07 
0.000000e+00 5.316527e-04 -5.312608e-04 3.918792e-07 
0.000000e+00 8.078770e-04 -8.076773e-04 1.996828e-07 
0.000000e+00 1.178880e-03 -1.178974e-03 -9.421858e-08 
0.000000e+00 1.663584e-03 -1.663909e-03 -3.248564e-07 
0.000000e+00 2.282351e-03 -2.282707e-03 -3.560434e-07 
0.000000e+00 3.056888e-03 -3.057067e-03 -1.786148e-07 
0.000000e+00 4.010148e-03 -4.010156e-03 -7.561913e-09 
0.000000e+00 5.166231e-03 -5.166086e-03 1.449451e-07 
0.000000e+00 6.550269e-03 -6.549953e-03 3.162776e-07 
0.000000e+00 8.188315e-03 -8.188039e-03 2.757809e-07 
0.000000e+00 1.010723e-02 -1.010718e-02 5.445506e-08 
0.000000e+00 1.233458e-02 -1.233477e-02 -1.875309e-07 
0.000000e+00 1.489847e-02 -1.489875e-02 -2.830939e-07 
0.000000e+00 1.782744e-02 -1.782760e-02 -1.581264e-07 
0.000000e+00 2.115037e-02 -2.115038e-02 -1.034094e-08 
0.000000e+00 2.489629e-02 -2.489608e-02 2.123995e-07 
0.000000e+00 2.909430e-02 -2.909381e-02 4.902796e-07 
0.000000e+00 3.377344e-02 -3.377293e-02 5.069773e-07 
0.000000e+00 3.896249e-02 -3.896225e-02 2.392317e-07 
0.000000e+00 4.468993e-02 -4.469007e-02 -1.372476e-07 
0.000000e+00 5.098377e-02 -5.098416e-02 -3.933336e-07 
0.000000e+00 5.787139e-02 -5.787178e-02 -3.857119e-07 
0.000000e+00 6.537950e-02 -6.537964e-02 -1.438514e-07 
0.000000e+00 7.353390e-02 -7.353388e-02 1.555586e-08 
0.000000e+00 8.235946e-02 -8.235892e-02 5.401674e-07 
0.000000e+00 9.187997e-02 -9.187883e-02 1.144237e-06 
0.000000e+00 1.021179e-01 -1.021166e-01 1.341014e-06 
0.000000e+00 1.130947e-01 -1.130936e-01 1.062252e-06 
0.000000e+00 1.248299e-01 -1.248294e-01 5.416192e-07 
0.000000e+00 1.373421e-01 -1.373423e-01 -2.123225e-07 
0.000000e+00 1.506479e-01 -1.506486e-01 -7.385805e-07 
0.000000e+00 1.647622e-01 -1.647631e-01 -9.339965e-07 
0.000000e+00 1.796983e-01 -1.796989e-01 -6.360624e-07 
0.000000e+00 1.954675e-01 -1.954677e-01 -2.044674e-07 
0.000000e+00 2.120793e-01 -2.120793e-01 -1.415136e-08 
0.000000e+00 2.295411e-01 -2.295410e-01 8.516021e-08 
0.000000e+00 2.478583e-01 -2.478581e-01 2.477984e-07 
0.000000e+00 2.670344e-01 -2.670339e-01 4.537845e-07 
0.000000e+00 2.870702e-01 -2.870698e-01 3.729491e-07 
0.000000e+00 3.079651e-01 -3.079648e-01 3.130760e-07 
0.000000e+00 3.297160e-01 -3.297157e-01 2.635477e-07 
0.000000e+00 3.523174e-01 -3.523173e-01 1.475124e-07 
0.000000e+00 3.757621e-01 -3.757620e-01 1.292154e-07 
0.000000e+00 4.000401e-01 -4.000402e-01 -9.919415e-08 
0.000000e+00 4.251399e-01 -4.251400e-01 -1.456282e-07 
0.000000e+00 4.510476e-01 -4.510473e-01 2.594028e-07 
0.000000e+00 4.777464e-01 -4.777460e-01 3.922666e-07 
0.000000e+00 5.052178e-01 -5.052175e-01 3.225119e-07 
0.000000e+00 5.334412e-01 -5.334411e-01 1.367952e-07 
0.000000e+00 5.623945e-01 -5.623939e-01 6.462366e-07 
0.000000e+00 5.920521e-01 -5.920513e-01 7.673684e-07 
0.000000e+00 6.223872e-01 -6.223862e-01 9.982113e-07 
0.000000e+00 6.533696e-01 -6.533692e-01 3.663213e-07 
0.000000e+00 6.849681e-01 -6.849684e-01 -2.584096e-07 
0.000000e+00 7.171490e-01 -7.171497e-01 -7.165183e-07 
0.000000e+00 7.498751e-01 -7.498764e-01 -1.298580e-06 
0.000000e+00 7.831084e-01 -7.831094e-01 -1.031676e-06 
0.000000e+00 8.168066e-01 -8.168075e-01 -8.932938e-07 
0.000000e+00 8.509267e-01 -8.509267e-01 -1.429943e-08 
0.000000e+00 8.854210e-01 -8.854209e-01 1.163738e-07 
0.000000e+00 9.202411e-01 -9.202404e-01 7.344893e-07 
0.000000e+00 9.553333e-01 -9.553325e-01 7.669135e-07 
0.000000e+00 9.906433e-01 -9.906420e-01 1.318197e-06 
0.000000e+00 1.026111e+00 -1.026110e+00 1.099902e-06 
0.000000e+00 1.061675e+00 -1.061675e+00 2.820685e-07 
0.000000e+00 1.097270e+00 -1.097270e+00 4.492945e-08 
0.000000e+00 1.132826e+00 -1.132826e+00 -2.115526e-07 
0.000000e+00 1.168270e+00 -1.168270e+00 -3.577534e-07 
0.000000e+00 1.203526e+00 -1.203525e+00 5.754396e-07 
0.000000e+00 1.238512e+00 -1.238512e+00 -1.651224e-07 
0.000000e+00 1.273144e+00 -1.273146e+00 -1.700555e-06 
0.000000e+00 1.307336e+00 -1.307338e+00 -2.200772e-06 
0.000000e+00 1.340994e+00 -1.340995e+00 -1.416757e-06 
0.000000e+00 1.374023e+00 -1.374023e+00 -3.050368e-07 
0.000000e+00 1.406323e+00 -1.406323e+00 3.835647e-07 
0.000000e+00 1.437796e+00 -1.437794e+00 2.235867e-06 
0.000000e+00 1.468334e+00 -1.468332e+00 1.997463e-06 
0.000000e+00 1.497832e+00 -1.497831e+00 1.327906e-06 
0.000000e+00 1.526181e+00 -1.526181e+00 6.864068e-09 
0.000000e+00 1.553272e+00 -1.553274e+00 -1.703728e-06 
0.000000e+00 1.578995e+00 -1.579002e+00 -6.801537e-06 
0.000000e+00 1.603240e+00 -1.603250e+00 -1.003781e-05 
0.000000e+00 1.625898e+00 -1.625908e+00 -1.013346e-05 
0.000000e+00 1.646863e+00 -1.646868e+00 -5.117280e-06 
0.000000e+00 1.666030e+00 -1.666029e+00 5.123971e-07 
0.000000e+00 1.683299e+00 -1.683292e+00 7.194759e-06 
0.000000e+00 1.698575e+00 -1.698566e+00 9.366089e-06 
0.000000e+00 1.711768e+00 -1.711760e+00 8.069906e-06 
0.000000e+00 1.722795e+00 -1.722791e+00 3.521994e-06 
0.000000e+00 1.731579e+00 -1.731579e+00 -2.613970e-07 
0.000000e+00 1.738055e+00 -1.738056e+00 -1.371591e-06 
0.000000e+00 1.742163e+00 -1.742169e+00 -5.687437e-06 
0.000000e+00 1.743859e+00 -1.743866e+00 -7.132255e-06 
0.000000e+00 1.743103e+00 -1.743111e+00 -7.628134e-06 
0.000000e+00 1.739873e+00 -1.739880e+00 -6.552053e-06 
0.000000e+00 1.734155e+00 -1.734159e+00 -3.539250e-06 
0.000000e+00 1.725950e+00 -1.725951e+00 -1.439104e-06 
0.000000e+00 1.715268e+00 -1.715268e+00 -7.250795e-08 
0.000000e+00 1.702136e+00 -1.702136e+00 2.005643e-07 
0.000000e+00 1.686594e+00 -1.686593e+00 6.070481e-07 
0.000000e+00 1.668690e+00 -1.668690e+00 -5.204364e-08 
0.000000e+00 1.648490e+00 -1.648490e+00 1.743235e-07 
0.000000e+00 1.626069e+00 -1.626066e+00 2.786029e-06 
0.000000e+00 1.601513e+00 -1.601503e+00 1.020324e-05 
0.000000e+00 1.574921e+00 -1.574907e+00 1.402397e-05 
0.000000e+00 1.546401e+00 -1.546387e+00 1.418926e-05 
0.000000e+00 1.516068e+00 -1.516060e+00 8.219310e-06 
0.000000e+00 1.484049e+00 -1.484048e+00 8.126620e-07 
0.000000e+00 1.450472e+00 -1.450480e+00 -7.769664e-06 
0.000000e+00 1.415478e+00 -1.415490e+00 -1.150942e-05 
0.000000e+00 1.379207e+00 -1.379219e+00 -1.181284e-05 
0.000000e+00 1.341805e+00 -1.341811e+00 -6.416211e-06 
0.000000e+00 1.303417e+00 -1.303418e+00 -6.898389e-07 
0.000000e+00 1.264195e+00 -1.264193e+00 2.024308e-06 
0.000000e+00 1.224285e+00 -1.224275e+00 9.838194e-06 
0.000000e+00 1.183833e+00 -1.183819e+00 1.391699e-05 
0.000000e+00 1.142985e+00 -1.142969e+00 1.612964e-05 
0.000000e+00 1.101881e+00 -1.101868e+00 1.330724e-05 
0.000000e+00 1.060658e+00 -1.060652e+00 6.303449e-06 
0.000000e+00 1.019448e+00 -1.019448e+00 -5.066978e-08 
0.000000e+00 9.783760e-01 -9.783815e-01 -5.511548e-06 
0.000000e+00 9.375611e-01 -9.375694e-01 -8.310237e-06 
0.000000e+00 8.971167e-01 -8.971236e-01 -6.945521e-06 
0.000000e+00 8.571463e-01 -8.571497e-01 -3.393648e-06 
0.000000e+00 8.177479e-01 -8.177478e-01 1.418368e-07 
0.000000e+00 7.790101e-01 -7.790108e-01 -7.055404e-07 
0.000000e+00 7.410147e-01 -7.410187e-01 -4.000675e-06 
0.000000e+00 7.038335e-01 -7.038413e-01 -7.752630e-06 
0.000000e+00 6.675324e-01 -6.675416e-01 -9.153859e-06 
0.000000e+00 6.321680e-01 -6.321761e-01 -8.056901e-06 
0.000000e+00 5.977896e-01 -5.977941e-01 -4.457734e-06 
0.000000e+00 5.644389e-01 -5.644381e-01 7.829081e-07 
0.000000e+00 5.321491e-01 -5.321439e-01 5.247297e-06 
0.000000e+00 5.009492e-01 -5.009402e-01 8.953093e-06 
0.000000e+00 4.708590e-01 -4.708491e-01 9.923472e-06 
0.000000e+00 4.418942e-01 -4.418856e-01 8.583465e-06 
0.000000e+00 4.140631e-01 -4.140580e-01 5.149134e-06 
0.000000e+00 3.873693e-01 -3.873678e-01 1.460170e-06 
0.000000e+00 3.618120e-01 -3.618124e-01 -4.478976e-07 
0.000000e+00 3.373853e-01 -3.373912e-01 -5.860130e-06 
0.000000e+00 3.140801e-01 -3.140912e-01 -1.111136e-05 
0.000000e+00 2.918821e-01 -2.918967e-01 -1.455167e-05 
0.000000e+00 2.707754e-01 -2.707899e-01 -1.451956e-05 
0.000000e+00 2.507402e-01 -2.507516e-01 -1.141516e-05 
0.000000e+00 2.317544e-01 -2.317606e-01 -6.161698e-06 
0.000000e+00 2.137942e-01 -2.137941e-01 1.226801e-07 
0.000000e+00 1.968335e-01 -1.968276e-01 5.864000e-06 
0.000000e+00 1.808444e-01 -1.808348e-01 9.629062e-06 
0.000000e+00 1.657984e-01 -1.657876e-01 1.077378e-05 
0.000000e+00 1.516656e-01 -1.516564e-01 9.187523e-06 
0.000000e+00 1.384152e-01 -1.384096e-01 5.601271e-06 
0.000000e+00 1.260158e-01 -1.260140e-01 1.780909e-06 
0.000000e+00 1.144357e-01 -1.144350e-01 6.613901e-07 
0.000000e+00 1.036429e-01 -1.036430e-01 -8.542525e-08 
0.000000e+00 9.360531e-02 -9.360630e-02 -9.934718e-07 
0.000000e+00 8.429061e-02 -8.429220e-02 -1.587457e-06 
0.000000e+00 7.566685e-02 -7.566852e-02 -1.667671e-06 
0.000000e+00 6.770229e-02 -6.770346e-02 -1.167314e-06 
0.000000e+00 6.036530e-02 -6.036566e-02 -3.628558e-07 
0.000000e+00 5.362477e-02 -5.362419e-02 5.762520e-07 
0.000000e+00 4.744993e-02 -4.744856e-02 1.369564e-06 
0.000000e+00 4.181054e-02 -4.180870e-02 1.841738e-06 
0.000000e+00 3.667684e-02 -3.667499e-02 1.850716e-06 
0.000000e+00 3.201973e-02 -3.201823e-02 1.500975e-06 
0.000000e+00 2.781059e-02 -2.780964e-02 9.479245e-07 
0.000000e+00 2.402149e-02 -2.402091e-02 5.785357e-07 
0.000000e+00 2.062519e-02 -2.062473e-02 4.577435e-07 
0.000000e+00 1.759509e-02 -1.759484e-02 2.523908e-07 
0.000000e+00 1.490529e-02 -1.490519e-02 9.959257e-08 
0.000000e+00 1.253065e-02 -1.253055e-02 9.734499e-08 
0.000000e+00 1.044675e-02 -1.044650e-02 2.494921e-07 
0.000000e+00 8.629975e-03 -8.629477e-03 4.979045e-07 
0.000000e+00 7.057473e-03 -7.056718e-03 7.550109e-07 
0.000000e+00 5.707247e-03 -5.706299e-03 9.476271e-07 
0.000000e+00 4.558122e-03 -4.557121e-03 1.001408e-06 
0.000000e+00 3.589807e-03 -3.588909e-03 8.975861e-07 
0.000000e+00 2.782918e-03 -2.782217e-03 7.011852e-07 
0.000000e+00 2.118997e-03 -2.118424e-03 5.727974e-07 
0.000000e+00 1.580548e-03 -1.580146e-03 4.018443e-07 
0.000000e+00 1.151077e-03 -1.150969e-03 1.076276e-07 
0.000000e+00 8.151144e-04 -8.151988e-04 -8.436298e-08 
0.000000e+00 5.582576e-04 -5.583360e-04 -7.839819e-08 
0.000000e+00 3.672019e-04 -3.670836e-04 1.182562e-07 
0.000000e+00 2.297750e-04 -2.293432e-04 4.317627e-07 
0.000000e+00 1.349725e-04 -1.342167e-04 7.558282e-07 
0.000000e+00 7.299032e-05 -7.200511e-05 9.852095e-07 
0.000000e+00 3.525650e-05 -3.420949e-05 1.047008e-06 
0.000000e+00 1.446051e-05 -1.353040e-05 9.301139e-07 
0.000000e+00 4.580292e-06 -3.868119e-06 7.121729e-07 
0.000000e+00 9.054548e-07 -3.227013e-07 5.827535e-07 
0.000000e+00 5.661804e-08 5.261306e-07 5.827486e-07 
0.000000e+00 6.032148e-14 5.827536e-07 5.827537e-07 
