0.000000e+00 0.000000e+00 0.000000e+00 0.000000e+00 0.000000e+00 0.000000e+00 3.803000e-01 -6.198000e-01 1.286700e+00 0.000000e+00 0.000000e+00 0.000000e+00 0.000000e+00 0.000000e+00 0.000000e+00 -0.000000e+00 -0.000000e+00 -0.000000e+00 0.000000e+00 
-3.161001e-08 5.285363e-08 0.000000e+00 1.010367e-06 0.000000e+00 0.000000e+00 3.802984e-01 -6.198008e-01 1.286698e+00 -9.482664e-07 1.585558e-06 0.000000e+00 3.031002e-05 0.000000e+00 0.000000e+00 -4.813741e-05 -2.346296e-05 -7.050010e-05 -8.208275e-08 
-2.527620e-07 4.227141e-07 0.000000e+00 8.080721e-06 0.000000e+00 0.000000e+00 3.802872e-01 -6.198063e-01 1.286681e+00 -3.791854e-06 6.340753e-06 0.000000e+00 1.212110e-04 0.000000e+00 0.000000e+00 -1.925021e-04 -9.382870e-05 -2.819308e-04 -1.306394e-06 
-8.530155e-07 1.426458e-06 0.000000e+00 2.726861e-05 0.000000e+00 0.000000e+00 3.802567e-01 -6.198211e-01 1.286637e+00 -8.527461e-06 1.426104e-05 0.000000e+00 2.726147e-04 0.000000e+00 0.000000e+00 -4.329517e-04 -2.110278e-04 -6.340835e-04 -6.634813e-06 
-2.021257e-06 3.380265e-06 0.000000e+00 6.461757e-05 0.000000e+00 0.000000e+00 3.801974e-01 -6.198500e-01 1.286550e+00 -1.514843e-05 2.533921e-05 0.000000e+00 4.843778e-04 0.000000e+00 0.000000e+00 -7.692489e-04 -3.749445e-04 -1.126611e-03 -2.096657e-05 
-3.945323e-06 6.599337e-06 0.000000e+00 1.261515e-04 0.000000e+00 0.000000e+00 3.800997e-01 -6.198976e-01 1.286407e+00 -2.364408e-05 3.956559e-05 0.000000e+00 7.563038e-04 0.000000e+00 0.000000e+00 -1.201062e-03 -5.854171e-04 -1.759026e-03 -5.110901e-05 
-6.811993e-06 1.139790e-05 0.000000e+00 2.178747e-04 0.000000e+00 0.000000e+00 3.799540e-01 -6.199686e-01 1.286193e+00 -3.399971e-05 5.692808e-05 0.000000e+00 1.088144e-03 0.000000e+00 0.000000e+00 -1.727964e-03 -8.422380e-04 -2.530706e-03 -1.057776e-04 
-1.080522e-05 1.808865e-05 0.000000e+00 3.457591e-04 0.000000e+00 0.000000e+00 3.797509e-01 -6.200676e-01 1.285896e+00 -4.619507e-05 7.741261e-05 0.000000e+00 1.479601e-03 0.000000e+00 0.000000e+00 -2.349436e-03 -1.145154e-03 -3.440888e-03 -1.953923e-04 
-1.610886e-05 2.698313e-05 0.000000e+00 5.157543e-04 0.000000e+00 0.000000e+00 3.794810e-01 -6.201992e-01 1.285500e+00 -6.020580e-05 1.010027e-04 0.000000e+00 1.930326e-03 0.000000e+00 0.000000e+00 -3.064864e-03 -1.493865e-03 -4.488675e-03 -3.324379e-04 
-2.290488e-05 3.839141e-05 0.000000e+00 7.337780e-04 0.000000e+00 0.000000e+00 3.791348e-01 -6.203679e-01 1.284994e+00 -7.600221e-05 1.276799e-04 0.000000e+00 2.439920e-03 0.000000e+00 0.000000e+00 -3.873542e-03 -1.888028e-03 -5.673032e-03 -5.312608e-04 
-3.137001e-05 5.262133e-05 0.000000e+00 1.005696e-03 0.000000e+00 0.000000e+00 3.787032e-01 -6.205783e-01 1.284361e+00 -9.354695e-05 1.574244e-04 0.000000e+00 3.007947e-03 0.000000e+00 0.000000e+00 -4.774673e-03 -2.327254e-03 -6.992791e-03 -8.076773e-04 
-4.167574e-05 6.997843e-05 0.000000e+00 1.337322e-03 0.000000e+00 0.000000e+00 3.781768e-01 -6.208349e-01 1.283591e+00 -1.127949e-04 1.902153e-04 0.000000e+00 3.633929e-03 0.000000e+00 0.000000e+00 -5.767366e-03 -2.811109e-03 -8.446649e-03 -1.178974e-03 
-5.398834e-05 9.076604e-05 0.000000e+00 1.734419e-03 0.000000e+00 0.000000e+00 3.775467e-01 -6.211420e-01 1.282668e+00 -1.336933e-04 2.260305e-04 0.000000e+00 4.317350e-03 0.000000e+00 0.000000e+00 -6.850642e-03 -3.339115e-03 -1.003317e-02 -1.663909e-03 
-6.846885e-05 1.152852e-04 0.000000e+00 2.202698e-03 0.000000e+00 0.000000e+00 3.768037e-01 -6.215041e-01 1.281580e+00 -1.561817e-04 2.648465e-04 0.000000e+00 5.057656e-03 0.000000e+00 0.000000e+00 -8.023432e-03 -3.910752e-03 -1.175079e-02 -2.282707e-03 
-8.527307e-05 1.438347e-04 0.000000e+00 2.747818e-03 0.000000e+00 0.000000e+00 3.759391e-01 -6.219256e-01 1.280313e+00 -1.801917e-04 3.066387e-04 0.000000e+00 5.854250e-03 0.000000e+00 0.000000e+00 -9.284579e-03 -4.525456e-03 -1.359782e-02 -3.057067e-03 
-1.045516e-04 1.767111e-04 0.000000e+00 3.375387e-03 0.000000e+00 0.000000e+00 3.749439e-01 -6.224106e-01 1.278856e+00 -2.056476e-04 3.513813e-04 0.000000e+00 6.706500e-03 0.000000e+00 0.000000e+00 -1.063284e-02 -5.182620e-03 -1.557242e-02 -4.010156e-03 
-1.264451e-04 2.142081e-04 0.000000e+00 4.090940e-03 0.000000e+00 0.000000e+00 3.738096e-01 -6.229635e-01 1.277194e+00 -2.324636e-04 3.990476e-04 0.000000e+00 7.613738e-03 0.000000e+00 0.000000e+00 -1.206688e-02 -5.881595e-03 -1.767266e-02 -5.166086e-03 
-1.510844e-04 2.566168e-04 0.000000e+00 4.899937e-03 0.000000e+00 0.000000e+00 3.725277e-01 -6.235883e-01 1.275317e+00 -2.605438e-04 4.496109e-04 0.000000e+00 8.575271e-03 0.000000e+00 0.000000e+00 -1.358529e-02 -6.621691e-03 -1.989646e-02 -6.549953e-03 
-1.785923e-04 3.042257e-04 0.000000e+00 5.807777e-03 0.000000e+00 0.000000e+00 3.710898e-01 -6.242892e-01 1.273211e+00 -2.897834e-04 5.030435e-04 0.000000e+00 9.590370e-03 0.000000e+00 0.000000e+00 -1.518656e-02 -7.402179e-03 -2.224162e-02 -8.188039e-03 
-2.090787e-04 3.573202e-04 0.000000e+00 6.819778e-03 0.000000e+00 0.000000e+00 3.694877e-01 -6.250701e-01 1.270865e+00 -3.200669e-04 5.593173e-04 0.000000e+00 1.065828e-02 0.000000e+00 0.000000e+00 -1.686912e-02 -8.222287e-03 -2.470583e-02 -1.010718e-02 
-2.426402e-04 4.161831e-04 0.000000e+00 7.941177e-03 0.000000e+00 0.000000e+00 3.677133e-01 -6.259349e-01 1.268266e+00 -3.512688e-04 6.184034e-04 0.000000e+00 1.177820e-02 0.000000e+00 0.000000e+00 -1.863131e-02 -9.081207e-03 -2.728666e-02 -1.233477e-02 
-2.793608e-04 4.810940e-04 0.000000e+00 9.177132e-03 0.000000e+00 0.000000e+00 3.657588e-01 -6.268876e-01 1.265404e+00 -3.832529e-04 6.802723e-04 0.000000e+00 1.294932e-02 0.000000e+00 0.000000e+00 -2.047139e-02 -9.978091e-03 -2.998156e-02 -1.489875e-02 
-3.193109e-04 5.523295e-04 0.000000e+00 1.053272e-02 0.000000e+00 0.000000e+00 3.636165e-01 -6.279318e-01 1.262266e+00 -4.158724e-04 7.448940e-04 0.000000e+00 1.417080e-02 0.000000e+00 0.000000e+00 -2.238754e-02 -1.091205e-02 -3.278788e-02 -1.782760e-02 
-3.625482e-04 6.301635e-04 0.000000e+00 1.201293e-02 0.000000e+00 0.000000e+00 3.612789e-01 -6.290712e-01 1.258842e+00 -4.489705e-04 8.122378e-04 0.000000e+00 1.544176e-02 0.000000e+00 0.000000e+00 -2.437787e-02 -1.188217e-02 -3.570284e-02 -2.115038e-02 
-4.091124e-04 7.148664e-04 0.000000e+00 1.362268e-02 0.000000e+00 0.000000e+00 3.587385e-01 -6.303094e-01 1.255122e+00 -4.823794e-04 8.822721e-04 0.000000e+00 1.676128e-02 0.000000e+00 0.000000e+00 -2.644042e-02 -1.288749e-02 -3.872356e-02 -2.489608e-02 
-4.590255e-04 8.067058e-04 0.000000e+00 1.536677e-02 0.000000e+00 0.000000e+00 3.559884e-01 -6.316499e-01 1.251094e+00 -5.159199e-04 9.549648e-04 0.000000e+00 1.812844e-02 0.000000e+00 0.000000e+00 -2.857314e-02 -1.392702e-02 -4.184706e-02 -2.909381e-02 
-5.122935e-04 9.059464e-04 0.000000e+00 1.724992e-02 0.000000e+00 0.000000e+00 3.530216e-01 -6.330959e-01 1.246749e+00 -5.494016e-04 1.030283e-03 0.000000e+00 1.954227e-02 0.000000e+00 0.000000e+00 -3.077395e-02 -1.499973e-02 -4.507027e-02 -3.377293e-02 
-5.689004e-04 1.012849e-03 0.000000e+00 1.927675e-02 0.000000e+00 0.000000e+00 3.498315e-01 -6.346509e-01 1.242077e+00 -5.826238e-04 1.108194e-03 0.000000e+00 2.100178e-02 0.000000e+00 0.000000e+00 -3.304066e-02 -1.610456e-02 -4.839001e-02 -3.896225e-02 
-6.288083e-04 1.127671e-03 0.000000e+00 2.145178e-02 0.000000e+00 0.000000e+00 3.464114e-01 -6.363179e-01 1.237068e+00 -6.153751e-04 1.188660e-03 0.000000e+00 2.250593e-02 0.000000e+00 0.000000e+00 -3.537104e-02 -1.724042e-02 -5.180298e-02 -4.469007e-02 
-6.919571e-04 1.250666e-03 0.000000e+00 2.377941e-02 0.000000e+00 0.000000e+00 3.427552e-01 -6.381000e-01 1.231713e+00 -6.474337e-04 1.271644e-03 0.000000e+00 2.405366e-02 0.000000e+00 0.000000e+00 -3.776278e-02 -1.840620e-02 -5.530583e-02 -5.098416e-02 
-7.582649e-04 1.382083e-03 0.000000e+00 2.626393e-02 0.000000e+00 0.000000e+00 3.388569e-01 -6.400001e-01 1.226004e+00 -6.785669e-04 1.357108e-03 0.000000e+00 2.564387e-02 0.000000e+00 0.000000e+00 -4.021353e-02 -1.960074e-02 -5.889511e-02 -5.787178e-02 
-8.276279e-04 1.522169e-03 0.000000e+00 2.890955e-02 0.000000e+00 0.000000e+00 3.347106e-01 -6.420210e-01 1.219932e+00 -7.085319e-04 1.445009e-03 0.000000e+00 2.727543e-02 0.000000e+00 0.000000e+00 -4.272088e-02 -2.082285e-02 -6.256726e-02 -6.537964e-02 
-8.999197e-04 1.671164e-03 0.000000e+00 3.172034e-02 0.000000e+00 0.000000e+00 3.303109e-01 -6.441655e-01 1.213488e+00 -7.370752e-04 1.535306e-03 0.000000e+00 2.894717e-02 0.000000e+00 0.000000e+00 -4.528233e-02 -2.207135e-02 -6.631866e-02 -7.353388e-02 
-9.749834e-04 1.829305e-03 0.000000e+00 3.470024e-02 0.000000e+00 0.000000e+00 3.256524e-01 -6.464361e-01 1.206665e+00 -7.639375e-04 1.627950e-03 0.000000e+00 3.065785e-02 0.000000e+00 0.000000e+00 -4.789537e-02 -2.334499e-02 -7.014562e-02 -8.235892e-02 
-1.052638e-03 1.996826e-03 0.000000e+00 3.785311e-02 0.000000e+00 0.000000e+00 3.207302e-01 -6.488353e-01 1.199456e+00 -7.888440e-04 1.722894e-03 0.000000e+00 3.240623e-02 0.000000e+00 0.000000e+00 -5.055743e-02 -2.464252e-02 -7.404435e-02 -9.187883e-02 
-1.132677e-03 2.173956e-03 0.000000e+00 4.118266e-02 0.000000e+00 0.000000e+00 3.155394e-01 -6.513654e-01 1.191854e+00 -8.115103e-04 1.820088e-03 0.000000e+00 3.419102e-02 0.000000e+00 0.000000e+00 -5.326586e-02 -2.596265e-02 -7.801101e-02 -1.021166e-01 
-1.214860e-03 2.360918e-03 0.000000e+00 4.469249e-02 0.000000e+00 0.000000e+00 3.100756e-01 -6.540285e-01 1.183852e+00 -8.316464e-04 1.919476e-03 0.000000e+00 3.601086e-02 0.000000e+00 0.000000e+00 -5.601800e-02 -2.730409e-02 -8.204168e-02 -1.130936e-01 
-1.298920e-03 2.557928e-03 0.000000e+00 4.838601e-02 0.000000e+00 0.000000e+00 3.043344e-01 -6.568269e-01 1.175444e+00 -8.489561e-04 2.020998e-03 0.000000e+00 3.786436e-02 0.000000e+00 0.000000e+00 -5.881113e-02 -2.866551e-02 -8.613238e-02 -1.248294e-01 
-1.384556e-03 2.765194e-03 0.000000e+00 5.226652e-02 0.000000e+00 0.000000e+00 2.983121e-01 -6.597623e-01 1.166624e+00 -8.631374e-04 2.124586e-03 0.000000e+00 3.975004e-02 0.000000e+00 0.000000e+00 -6.164249e-02 -3.004556e-02 -9.027909e-02 -1.373423e-01 
-1.471439e-03 2.982919e-03 0.000000e+00 5.633712e-02 0.000000e+00 0.000000e+00 2.920047e-01 -6.628366e-01 1.157386e+00 -8.738821e-04 2.230170e-03 0.000000e+00 4.166636e-02 0.000000e+00 0.000000e+00 -6.450930e-02 -3.144289e-02 -9.447770e-02 -1.506486e-01 
-1.559209e-03 3.211296e-03 0.000000e+00 6.060080e-02 0.000000e+00 0.000000e+00 2.854091e-01 -6.660514e-01 1.147727e+00 -8.808764e-04 2.337673e-03 0.000000e+00 4.361175e-02 0.000000e+00 0.000000e+00 -6.740872e-02 -3.285612e-02 -9.872407e-02 -1.647631e-01 
-1.647475e-03 3.450513e-03 0.000000e+00 6.506038e-02 0.000000e+00 0.000000e+00 2.785220e-01 -6.694083e-01 1.137640e+00 -8.838002e-04 2.447013e-03 0.000000e+00 4.558456e-02 0.000000e+00 0.000000e+00 -7.033789e-02 -3.428384e-02 -1.030140e-01 -1.796989e-01 
-1.735814e-03 3.700751e-03 0.000000e+00 6.971852e-02 0.000000e+00 0.000000e+00 2.713406e-01 -6.729086e-01 1.127123e+00 -8.823276e-04 2.558101e-03 0.000000e+00 4.758308e-02 0.000000e+00 0.000000e+00 -7.329392e-02 -3.572466e-02 -1.073433e-01 -1.954677e-01 
-1.823776e-03 3.962183e-03 0.000000e+00 7.457774e-02 0.000000e+00 0.000000e+00 2.638624e-01 -6.765536e-01 1.116170e+00 -8.761273e-04 2.670846e-03 0.000000e+00 4.960554e-02 0.000000e+00 0.000000e+00 -7.627389e-02 -3.717715e-02 -1.117076e-01 -2.120793e-01 
-1.910879e-03 4.234962e-03 0.000000e+00 7.964027e-02 0.000000e+00 0.000000e+00 2.560852e-01 -6.803444e-01 1.104780e+00 -8.648851e-04 2.785142e-03 0.000000e+00 5.165009e-02 0.000000e+00 0.000000e+00 -7.927487e-02 -3.863987e-02 -1.161027e-01 -2.295410e-01 
-1.996599e-03 4.519241e-03 0.000000e+00 8.490825e-02 0.000000e+00 0.000000e+00 2.480069e-01 -6.842818e-01 1.092949e+00 -8.482673e-04 2.900878e-03 0.000000e+00 5.371478e-02 0.000000e+00 0.000000e+00 -8.229388e-02 -4.011139e-02 -1.205243e-01 -2.478581e-01 
-2.080369e-03 4.815166e-03 0.000000e+00 9.038366e-02 0.000000e+00 0.000000e+00 2.396259e-01 -6.883669e-01 1.080674e+00 -8.259319e-04 3.017937e-03 0.000000e+00 5.579762e-02 0.000000e+00 0.000000e+00 -8.532796e-02 -4.159024e-02 -1.249679e-01 -2.670339e-01 
-2.161598e-03 5.122865e-03 0.000000e+00 9.606824e-02 0.000000e+00 0.000000e+00 2.309409e-01 -6.926001e-01 1.067955e+00 -7.975466e-04 3.136194e-03 0.000000e+00 5.789651e-02 0.000000e+00 0.000000e+00 -8.837410e-02 -4.307498e-02 -1.294291e-01 -2.870698e-01 
-2.239664e-03 5.442452e-03 0.000000e+00 1.019635e-01 0.000000e+00 0.000000e+00 2.219508e-01 -6.969820e-01 1.054788e+00 -7.627895e-04 3.255511e-03 0.000000e+00 6.000928e-02 0.000000e+00 0.000000e+00 -9.142930e-02 -4.456414e-02 -1.339036e-01 -3.079648e-01 
-2.313916e-03 5.774022e-03 0.000000e+00 1.080707e-01 0.000000e+00 0.000000e+00 2.126548e-01 -7.015130e-01 1.041174e+00 -7.213484e-04 3.375741e-03 0.000000e+00 6.213367e-02 0.000000e+00 0.000000e+00 -9.449055e-02 -4.605624e-02 -1.383870e-01 -3.297157e-01 
-2.383674e-03 6.117656e-03 0.000000e+00 1.143908e-01 0.000000e+00 0.000000e+00 2.030525e-01 -7.061933e-01 1.027111e+00 -6.729214e-04 3.496727e-03 0.000000e+00 6.426732e-02 0.000000e+00 0.000000e+00 -9.755482e-02 -4.754982e-02 -1.428748e-01 -3.523173e-01 
-2.448228e-03 6.473415e-03 0.000000e+00 1.209246e-01 0.000000e+00 0.000000e+00 1.931438e-01 -7.110230e-01 1.012599e+00 -6.172162e-04 3.618300e-03 0.000000e+00 6.640780e-02 0.000000e+00 0.000000e+00 -1.006191e-01 -4.904339e-02 -1.473626e-01 -3.757620e-01 
-2.506840e-03 6.841347e-03 0.000000e+00 1.276727e-01 0.000000e+00 0.000000e+00 1.829288e-01 -7.160019e-01 9.976382e-01 -5.539509e-04 3.740283e-03 0.000000e+00 6.855259e-02 0.000000e+00 0.000000e+00 -1.036803e-01 -5.053549e-02 -1.518460e-01 -4.000402e-01 
-2.558744e-03 7.221482e-03 0.000000e+00 1.346352e-01 0.000000e+00 0.000000e+00 1.724080e-01 -7.211300e-01 9.822298e-01 -4.828534e-04 3.862486e-03 0.000000e+00 7.069906e-02 0.000000e+00 0.000000e+00 -1.067355e-01 -5.202465e-02 -1.563205e-01 -4.251400e-01 
-2.603143e-03 7.613831e-03 0.000000e+00 1.418124e-01 0.000000e+00 0.000000e+00 1.615820e-01 -7.264067e-01 9.663745e-01 -4.036617e-04 3.984712e-03 0.000000e+00 7.284451e-02 0.000000e+00 0.000000e+00 -1.097817e-01 -5.350939e-02 -1.607818e-01 -4.510473e-01 
-2.639212e-03 8.018393e-03 0.000000e+00 1.492038e-01 0.000000e+00 0.000000e+00 1.504520e-01 -7.318317e-01 9.500740e-01 -3.161237e-04 4.106750e-03 0.000000e+00 7.498616e-02 0.000000e+00 0.000000e+00 -1.128158e-01 -5.498825e-02 -1.652254e-01 -4.777460e-01 
-2.666096e-03 8.435146e-03 0.000000e+00 1.568092e-01 0.000000e+00 0.000000e+00 1.390194e-01 -7.374041e-01 9.333302e-01 -2.199974e-04 4.228383e-03 0.000000e+00 7.712114e-02 0.000000e+00 0.000000e+00 -1.158348e-01 -5.645976e-02 -1.696469e-01 -5.052175e-01 
-2.682942e-03 8.864036e-03 0.000000e+00 1.646277e-01 0.000000e+00 0.000000e+00 1.272857e-01 -7.431233e-01 9.161455e-01 -1.150832e-04 4.349381e-03 0.000000e+00 7.924650e-02 0.000000e+00 0.000000e+00 -1.188357e-01 -5.792249e-02 -1.740420e-01 -5.334411e-01 
-2.688861e-03 9.304983e-03 0.000000e+00 1.726580e-01 0.000000e+00 0.000000e+00 1.152529e-01 -7.489883e-01 8.985228e-01 -1.206977e-06 4.469502e-03 0.000000e+00 8.135921e-02 0.000000e+00 0.000000e+00 -1.218157e-01 -5.937497e-02 -1.784063e-01 -5.623939e-01 
-2.682926e-03 9.757889e-03 0.000000e+00 1.808989e-01 0.000000e+00 0.000000e+00 1.029233e-01 -7.549979e-01 8.804654e-01 1.218025e-04 4.588487e-03 0.000000e+00 8.345609e-02 0.000000e+00 0.000000e+00 -1.247717e-01 -6.081579e-02 -1.827356e-01 -5.920513e-01 
-2.664206e-03 1.022263e-02 0.000000e+00 1.893486e-01 0.000000e+00 0.000000e+00 9.029947e-02 -7.611510e-01 8.619770e-01 2.540819e-04 4.706073e-03 0.000000e+00 8.553394e-02 0.000000e+00 0.000000e+00 -1.277009e-01 -6.224352e-02 -1.870256e-01 -6.223862e-01 
-2.631771e-03 1.069905e-02 0.000000e+00 1.980050e-01 0.000000e+00 0.000000e+00 7.738415e-02 -7.674461e-01 8.430618e-01 3.957332e-04 4.821986e-03 0.000000e+00 8.758947e-02 0.000000e+00 0.000000e+00 -1.306003e-01 -6.365674e-02 -1.912719e-01 -6.533692e-01 
-2.584688e-03 1.118698e-02 0.000000e+00 2.068657e-01 0.000000e+00 0.000000e+00 6.418049e-02 -7.738818e-01 8.237242e-01 5.468240e-04 4.935947e-03 0.000000e+00 8.961938e-02 0.000000e+00 0.000000e+00 -1.334671e-01 -6.505407e-02 -1.954705e-01 -6.849684e-01 
-2.522021e-03 1.168618e-02 0.000000e+00 2.159280e-01 0.000000e+00 0.000000e+00 5.069190e-02 -7.804564e-01 8.039694e-01 7.073870e-04 5.047667e-03 0.000000e+00 9.162030e-02 0.000000e+00 0.000000e+00 -1.362985e-01 -6.643413e-02 -1.996172e-01 -7.171497e-01 
-2.442836e-03 1.219644e-02 0.000000e+00 2.251888e-01 0.000000e+00 0.000000e+00 3.692207e-02 -7.871680e-01 7.838026e-01 8.774207e-04 5.156853e-03 0.000000e+00 9.358881e-02 0.000000e+00 0.000000e+00 -1.390916e-01 -6.779554e-02 -2.037080e-01 -7.498764e-01 
-2.346195e-03 1.271747e-02 0.000000e+00 2.346446e-01 0.000000e+00 0.000000e+00 2.287494e-02 -7.940148e-01 7.632298e-01 1.056889e-03 5.263200e-03 0.000000e+00 9.552144e-02 0.000000e+00 0.000000e+00 -1.418438e-01 -6.913698e-02 -2.077386e-01 -7.831094e-01 
-2.231158e-03 1.324897e-02 0.000000e+00 2.442917e-01 0.000000e+00 0.000000e+00 8.554768e-03 -8.009947e-01 7.422571e-01 1.245720e-03 5.366398e-03 0.000000e+00 9.741467e-02 0.000000e+00 0.000000e+00 -1.445522e-01 -7.045712e-02 -2.117053e-01 -8.168075e-01 
-2.096785e-03 1.379062e-02 0.000000e+00 2.541260e-01 0.000000e+00 0.000000e+00 -6.033953e-03 -8.081055e-01 7.208910e-01 1.443809e-03 5.466129e-03 0.000000e+00 9.926494e-02 0.000000e+00 0.000000e+00 -1.472143e-01 -7.175464e-02 -2.156040e-01 -8.509267e-01 
-1.942135e-03 1.434206e-02 0.000000e+00 2.641431e-01 0.000000e+00 0.000000e+00 -2.088645e-02 -8.153449e-01 6.991386e-01 1.651015e-03 5.562068e-03 0.000000e+00 1.010686e-01 0.000000e+00 0.000000e+00 -1.498273e-01 -7.302828e-02 -2.194310e-01 -8.854209e-01 
-1.766312e-03 1.490289e-02 0.000000e+00 2.743381e-01 0.000000e+00 0.000000e+00 -3.599769e-02 -8.227103e-01 6.770073e-01 1.867149e-03 5.653894e-03 0.000000e+00 1.028222e-01 0.000000e+00 0.000000e+00 -1.523888e-01 -7.427678e-02 -2.231824e-01 -9.202404e-01 
-1.568441e-03 1.547269e-02 0.000000e+00 2.847058e-01 0.000000e+00 0.000000e+00 -5.136240e-02 -8.301993e-01 6.545048e-01 2.091967e-03 5.741285e-03 0.000000e+00 1.045220e-01 0.000000e+00 0.000000e+00 -1.548961e-01 -7.549890e-02 -2.268545e-01 -9.553325e-01 
-1.347654e-03 1.605099e-02 0.000000e+00 2.952406e-01 0.000000e+00 0.000000e+00 -6.697503e-02 -8.378092e-01 6.316392e-01 2.325189e-03 5.823910e-03 0.000000e+00 1.061645e-01 0.000000e+00 0.000000e+00 -1.573469e-01 -7.669343e-02 -2.304438e-01 -9.906420e-01 
-1.103124e-03 1.663730e-02 0.000000e+00 3.059366e-01 0.000000e+00 0.000000e+00 -8.282980e-02 -8.455371e-01 6.084189e-01 2.566491e-03 5.901446e-03 0.000000e+00 1.077462e-01 0.000000e+00 0.000000e+00 -1.597386e-01 -7.785921e-02 -2.339467e-01 -1.026110e+00 
-8.340667e-04 1.723109e-02 0.000000e+00 3.167876e-01 0.000000e+00 0.000000e+00 -9.892070e-02 -8.533800e-01 5.848529e-01 2.815504e-03 5.973575e-03 0.000000e+00 1.092635e-01 0.000000e+00 0.000000e+00 -1.620690e-01 -7.899507e-02 -2.373596e-01 -1.061675e+00 
-5.397412e-04 1.783182e-02 0.000000e+00 3.277870e-01 0.000000e+00 0.000000e+00 -1.152415e-01 -8.613350e-01 5.609501e-01 3.071819e-03 6.039986e-03 0.000000e+00 1.107131e-01 0.000000e+00 0.000000e+00 -1.643357e-01 -8.009991e-02 -2.406794e-01 -1.097270e+00 
-2.194486e-04 1.843889e-02 0.000000e+00 3.389278e-01 0.000000e+00 0.000000e+00 -1.317856e-01 -8.693989e-01 5.367202e-01 3.334978e-03 6.100374e-03 0.000000e+00 1.120915e-01 0.000000e+00 0.000000e+00 -1.665365e-01 -8.117261e-02 -2.439026e-01 -1.132826e+00 
1.274668e-04 1.905169e-02 0.000000e+00 3.502028e-01 0.000000e+00 0.000000e+00 -1.485465e-01 -8.775685e-01 5.121729e-01 3.604484e-03 6.154439e-03 0.000000e+00 1.133955e-01 0.000000e+00 0.000000e+00 -1.686692e-01 -8.221214e-02 -2.470261e-01 -1.168270e+00 
5.016184e-04 1.966956e-02 0.000000e+00 3.616044e-01 0.000000e+00 0.000000e+00 -1.655171e-01 -8.858402e-01 4.873184e-01 3.879792e-03 6.201890e-03 0.000000e+00 1.146219e-01 0.000000e+00 0.000000e+00 -1.707318e-01 -8.321746e-02 -2.500468e-01 -1.203525e+00 
9.035752e-04 2.029184e-02 0.000000e+00 3.731246e-01 0.000000e+00 0.000000e+00 -1.826904e-01 -8.942108e-01 4.621671e-01 4.160317e-03 6.242441e-03 0.000000e+00 1.157674e-01 0.000000e+00 0.000000e+00 -1.727221e-01 -8.418758e-02 -2.529618e-01 -1.238512e+00 
1.333821e-03 2.091782e-02 0.000000e+00 3.847552e-01 0.000000e+00 0.000000e+00 -2.000591e-01 -9.026765e-01 4.367297e-01 4.445443e-03 6.275830e-03 0.000000e+00 1.168292e-01 0.000000e+00 0.000000e+00 -1.746382e-01 -8.512154e-02 -2.557681e-01 -1.273146e+00 
1.792782e-03 2.154677e-02 0.000000e+00 3.964876e-01 0.000000e+00 0.000000e+00 -2.176156e-01 -9.112338e-01 4.110172e-01 4.734500e-03 6.301806e-03 0.000000e+00 1.178044e-01 0.000000e+00 0.000000e+00 -1.764783e-01 -8.601843e-02 -2.584630e-01 -1.307338e+00 
2.280824e-03 2.217792e-02 0.000000e+00 4.083131e-01 0.000000e+00 0.000000e+00 -2.353522e-01 -9.198790e-01 3.850409e-01 5.026781e-03 6.320129e-03 0.000000e+00 1.186901e-01 0.000000e+00 0.000000e+00 -1.782405e-01 -8.687735e-02 -2.610438e-01 -1.340995e+00 
2.798231e-03 2.281052e-02 0.000000e+00 4.202225e-01 0.000000e+00 0.000000e+00 -2.532610e-01 -9.286080e-01 3.588123e-01 5.321555e-03 6.330588e-03 0.000000e+00 1.194839e-01 0.000000e+00 0.000000e+00 -1.799231e-01 -8.769745e-02 -2.635080e-01 -1.374023e+00 
3.345212e-03 2.344375e-02 0.000000e+00 4.322066e-01 0.000000e+00 0.000000e+00 -2.713341e-01 -9.374171e-01 3.323433e-01 5.618064e-03 6.332991e-03 0.000000e+00 1.201834e-01 0.000000e+00 0.000000e+00 -1.815243e-01 -8.847794e-02 -2.658532e-01 -1.406323e+00 
3.921894e-03 2.407683e-02 0.000000e+00 4.442558e-01 0.000000e+00 0.000000e+00 -2.895631e-01 -9.463023e-01 3.056457e-01 5.915525e-03 6.327170e-03 0.000000e+00 1.207864e-01 0.000000e+00 0.000000e+00 -1.830428e-01 -8.921804e-02 -2.680770e-01 -1.437794e+00 
4.528330e-03 2.470890e-02 0.000000e+00 4.563605e-01 0.000000e+00 0.000000e+00 -3.079398e-01 -9.552594e-01 2.787320e-01 6.213128e-03 6.312980e-03 0.000000e+00 1.212909e-01 0.000000e+00 0.000000e+00 -1.844768e-01 -8.991701e-02 -2.701772e-01 -1.468332e+00 
5.164490e-03 2.533915e-02 0.000000e+00 4.685107e-01 0.000000e+00 0.000000e+00 -3.264556e-01 -9.642843e-01 2.516145e-01 6.510039e-03 6.290302e-03 0.000000e+00 1.216953e-01 0.000000e+00 0.000000e+00 -1.858251e-01 -9.057418e-02 -2.721518e-01 -1.497831e+00 
5.830271e-03 2.596670e-02 0.000000e+00 4.806963e-01 0.000000e+00 0.000000e+00 -3.451019e-01 -9.733728e-01 2.243059e-01 6.805396e-03 6.259035e-03 0.000000e+00 1.219978e-01 0.000000e+00 0.000000e+00 -1.870862e-01 -9.118888e-02 -2.739988e-01 -1.526181e+00 
6.525484e-03 2.659068e-02 0.000000e+00 4.929070e-01 0.000000e+00 0.000000e+00 -3.638699e-01 -9.825206e-01 1.968190e-01 7.098334e-03 6.219111e-03 0.000000e+00 1.221972e-01 0.000000e+00 0.000000e+00 -1.882590e-01 -9.176052e-02 -2.757165e-01 -1.553274e+00 
7.249840e-03 2.721025e-02 0.000000e+00 5.051324e-01 0.000000e+00 0.000000e+00 -3.827507e-01 -9.917234e-01 1.691669e-01 7.387989e-03 6.170496e-03 0.000000e+00 1.222926e-01 0.000000e+00 0.000000e+00 -1.893423e-01 -9.228852e-02 -2.773030e-01 -1.579002e+00 
8.002957e-03 2.782451e-02 0.000000e+00 5.173622e-01 0.000000e+00 0.000000e+00 -4.017353e-01 -1.000977e+00 1.413628e-01 7.673457e-03 6.113186e-03 0.000000e+00 1.222829e-01 0.000000e+00 0.000000e+00 -1.903350e-01 -9.277238e-02 -2.787568e-01 -1.603250e+00 
8.784366e-03 2.843259e-02 0.000000e+00 5.295855e-01 0.000000e+00 0.000000e+00 -4.208147e-01 -1.010276e+00 1.134200e-01 7.953847e-03 6.047206e-03 0.000000e+00 1.221678e-01 0.000000e+00 0.000000e+00 -1.912361e-01 -9.321160e-02 -2.800766e-01 -1.625908e+00 
9.593518e-03 2.903363e-02 0.000000e+00 5.417920e-01 0.000000e+00 0.000000e+00 -4.399795e-01 -1.019618e+00 8.535204e-02 8.228284e-03 5.972617e-03 0.000000e+00 1.219470e-01 0.000000e+00 0.000000e+00 -1.920448e-01 -9.360577e-02 -2.812610e-01 -1.646868e+00 
1.042978e-02 2.962679e-02 0.000000e+00 5.539710e-01 0.000000e+00 0.000000e+00 -4.592205e-01 -1.028996e+00 5.717241e-02 8.495911e-03 5.889513e-03 0.000000e+00 1.216206e-01 0.000000e+00 0.000000e+00 -1.927602e-01 -9.395448e-02 -2.823087e-01 -1.666029e+00 
1.129242e-02 3.021122e-02 0.000000e+00 5.661122e-01 0.000000e+00 0.000000e+00 -4.785284e-01 -1.038407e+00 2.889487e-02 8.755887e-03 5.798023e-03 0.000000e+00 1.211888e-01 0.000000e+00 0.000000e+00 -1.933817e-01 -9.425739e-02 -2.832189e-01 -1.683292e+00 
1.218066e-02 3.078610e-02 0.000000e+00 5.782051e-01 0.000000e+00 0.000000e+00 -4.978937e-01 -1.047846e+00 5.332406e-04 9.007389e-03 5.698309e-03 0.000000e+00 1.206525e-01 0.000000e+00 0.000000e+00 -1.939086e-01 -9.451422e-02 -2.839906e-01 -1.698566e+00 
1.309359e-02 3.135062e-02 0.000000e+00 5.902393e-01 0.000000e+00 0.000000e+00 -5.173069e-01 -1.057308e+00 -2.789860e-02 9.249609e-03 5.590565e-03 0.000000e+00 1.200125e-01 0.000000e+00 0.000000e+00 -1.943404e-01 -9.472469e-02 -2.846230e-01 -1.711760e+00 
1.403026e-02 3.190399e-02 0.000000e+00 6.022045e-01 0.000000e+00 0.000000e+00 -5.367586e-01 -1.066789e+00 -5.638670e-02 9.481758e-03 5.475022e-03 0.000000e+00 1.192701e-01 0.000000e+00 0.000000e+00 -1.946767e-01 -9.488860e-02 -2.851155e-01 -1.722791e+00 
1.498960e-02 3.244541e-02 0.000000e+00 6.140902e-01 0.000000e+00 0.000000e+00 -5.562391e-01 -1.076284e+00 -8.491703e-02 9.703061e-03 5.351942e-03 0.000000e+00 1.184268e-01 0.000000e+00 0.000000e+00 -1.949171e-01 -9.500580e-02 -2.854677e-01 -1.731579e+00 
1.597052e-02 3.297416e-02 0.000000e+00 6.258867e-01 0.000000e+00 0.000000e+00 -5.757388e-01 -1.085789e+00 -1.134756e-01 9.912818e-03 5.221609e-03 0.000000e+00 1.174844e-01 0.000000e+00 0.000000e+00 -1.950615e-01 -9.507617e-02 -2.856791e-01 -1.738056e+00 
1.697184e-02 3.348953e-02 0.000000e+00 6.375842e-01 0.000000e+00 0.000000e+00 -5.952482e-01 -1.095298e+00 -1.420482e-01 1.011036e-02 5.084361e-03 0.000000e+00 1.164452e-01 0.000000e+00 0.000000e+00 -1.951096e-01 -9.509963e-02 -2.857496e-01 -1.742169e+00 
1.799225e-02 3.399083e-02 0.000000e+00 6.491729e-01 0.000000e+00 0.000000e+00 -6.147575e-01 -1.104807e+00 -1.706208e-01 1.029504e-02 4.940574e-03 0.000000e+00 1.153117e-01 0.000000e+00 0.000000e+00 -1.950615e-01 -9.507617e-02 -2.856791e-01 -1.743866e+00 
1.903042e-02 3.447744e-02 0.000000e+00 6.606434e-01 0.000000e+00 0.000000e+00 -6.342573e-01 -1.114312e+00 -1.991793e-01 1.046627e-02 4.790650e-03 0.000000e+00 1.140867e-01 0.000000e+00 0.000000e+00 -1.949171e-01 -9.500580e-02 -2.854677e-01 -1.743111e+00 
2.008498e-02 3.494875e-02 0.000000e+00 6.719870e-01 0.000000e+00 0.000000e+00 -6.537377e-01 -1.123807e+00 -2.277096e-01 1.062352e-02 4.635012e-03 0.000000e+00 1.127732e-01 0.000000e+00 0.000000e+00 -1.946767e-01 -9.488860e-02 -2.851155e-01 -1.739880e+00 
2.115453e-02 3.540422e-02 0.000000e+00 6.831948e-01 0.000000e+00 0.000000e+00 -6.731894e-01 -1.133288e+00 -2.561977e-01 1.076633e-02 4.474103e-03 0.000000e+00 1.113747e-01 0.000000e+00 0.000000e+00 -1.943404e-01 -9.472469e-02 -2.846230e-01 -1.734159e+00 
2.223762e-02 3.584336e-02 0.000000e+00 6.942586e-01 0.000000e+00 0.000000e+00 -6.926026e-01 -1.142750e+00 -2.846296e-01 1.089430e-02 4.308390e-03 0.000000e+00 1.098945e-01 0.000000e+00 0.000000e+00 -1.939086e-01 -9.451422e-02 -2.839906e-01 -1.725951e+00 
2.333277e-02 3.626571e-02 0.000000e+00 7.051706e-01 0.000000e+00 0.000000e+00 -7.119679e-01 -1.152189e+00 -3.129912e-01 1.100708e-02 4.138362e-03 0.000000e+00 1.083365e-01 0.000000e+00 0.000000e+00 -1.933817e-01 -9.425739e-02 -2.832189e-01 -1.715268e+00 
2.443846e-02 3.667089e-02 0.000000e+00 7.159233e-01 0.000000e+00 0.000000e+00 -7.312758e-01 -1.161600e+00 -3.412687e-01 1.110438e-02 3.964529e-03 0.000000e+00 1.067046e-01 0.000000e+00 0.000000e+00 -1.927602e-01 -9.395448e-02 -2.823087e-01 -1.702136e+00 
2.555313e-02 3.705852e-02 0.000000e+00 7.265094e-01 0.000000e+00 0.000000e+00 -7.505168e-01 -1.170979e+00 -3.694484e-01 1.118599e-02 3.787423e-03 0.000000e+00 1.050031e-01 0.000000e+00 0.000000e+00 -1.920448e-01 -9.360577e-02 -2.812610e-01 -1.686593e+00 
2.667521e-02 3.742832e-02 0.000000e+00 7.369222e-01 0.000000e+00 0.000000e+00 -7.696817e-01 -1.180320e+00 -3.975164e-01 1.125173e-02 3.607600e-03 0.000000e+00 1.032364e-01 0.000000e+00 0.000000e+00 -1.912361e-01 -9.321160e-02 -2.800766e-01 -1.668690e+00 
2.780305e-02 3.778002e-02 0.000000e+00 7.471551e-01 0.000000e+00 0.000000e+00 -7.887610e-01 -1.189619e+00 -4.254592e-01 1.130151e-02 3.425635e-03 0.000000e+00 1.014093e-01 0.000000e+00 0.000000e+00 -1.903350e-01 -9.277238e-02 -2.787568e-01 -1.648490e+00 
2.893504e-02 3.811341e-02 0.000000e+00 7.572024e-01 0.000000e+00 0.000000e+00 -8.077456e-01 -1.198873e+00 -4.532633e-01 1.133528e-02 3.242106e-03 0.000000e+00 9.952650e-02 0.000000e+00 0.000000e+00 -1.893423e-01 -9.228852e-02 -2.773030e-01 -1.626066e+00 
3.006962e-02 3.842839e-02 0.000000e+00 7.670587e-01 0.000000e+00 0.000000e+00 -8.266264e-01 -1.208076e+00 -4.809153e-01 1.135310e-02 3.057572e-03 0.000000e+00 9.759277e-02 0.000000e+00 0.000000e+00 -1.882590e-01 -9.176052e-02 -2.757165e-01 -1.601503e+00 
3.120518e-02 3.872490e-02 0.000000e+00 7.767193e-01 0.000000e+00 0.000000e+00 -8.453944e-01 -1.217224e+00 -5.084022e-01 1.135508e-02 2.872631e-03 0.000000e+00 9.561322e-02 0.000000e+00 0.000000e+00 -1.870862e-01 -9.118888e-02 -2.739988e-01 -1.574907e+00 
3.234013e-02 3.900292e-02 0.000000e+00 7.861800e-01 0.000000e+00 0.000000e+00 -8.640407e-01 -1.226312e+00 -5.357108e-01 1.134141e-02 2.687873e-03 0.000000e+00 9.359295e-02 0.000000e+00 0.000000e+00 -1.858251e-01 -9.057418e-02 -2.721518e-01 -1.546387e+00 
3.347291e-02 3.926251e-02 0.000000e+00 7.954367e-01 0.000000e+00 0.000000e+00 -8.825565e-01 -1.235337e+00 -5.628283e-01 1.131233e-02 2.503870e-03 0.000000e+00 9.153703e-02 0.000000e+00 0.000000e+00 -1.844768e-01 -8.991701e-02 -2.701772e-01 -1.516060e+00 
3.460201e-02 3.950376e-02 0.000000e+00 8.044864e-01 0.000000e+00 0.000000e+00 -9.009332e-01 -1.244294e+00 -5.897421e-01 1.126812e-02 2.321181e-03 0.000000e+00 8.945048e-02 0.000000e+00 0.000000e+00 -1.830428e-01 -8.921804e-02 -2.680770e-01 -1.484048e+00 
3.572596e-02 3.972683e-02 0.000000e+00 8.133260e-01 0.000000e+00 0.000000e+00 -9.191623e-01 -1.253179e+00 -6.164396e-01 1.120914e-02 2.140350e-03 0.000000e+00 8.733830e-02 0.000000e+00 0.000000e+00 -1.815243e-01 -8.847794e-02 -2.658532e-01 -1.450480e+00 
3.684331e-02 3.993192e-02 0.000000e+00 8.219534e-01 0.000000e+00 0.000000e+00 -9.372353e-01 -1.261988e+00 -6.429086e-01 1.113578e-02 1.961905e-03 0.000000e+00 8.520544e-02 0.000000e+00 0.000000e+00 -1.799231e-01 -8.769745e-02 -2.635080e-01 -1.415490e+00 
3.795265e-02 4.011931e-02 0.000000e+00 8.303666e-01 0.000000e+00 0.000000e+00 -9.551442e-01 -1.270717e+00 -6.691372e-01 1.104852e-02 1.786361e-03 0.000000e+00 8.305681e-02 0.000000e+00 0.000000e+00 -1.782405e-01 -8.687735e-02 -2.610438e-01 -1.379219e+00 
3.905261e-02 4.028930e-02 0.000000e+00 8.385644e-01 0.000000e+00 0.000000e+00 -9.728808e-01 -1.279362e+00 -6.951135e-01 1.094786e-02 1.614217e-03 0.000000e+00 8.089729e-02 0.000000e+00 0.000000e+00 -1.764783e-01 -8.601843e-02 -2.584630e-01 -1.341811e+00 
4.014185e-02 4.044227e-02 0.000000e+00 8.465459e-01 0.000000e+00 0.000000e+00 -9.904372e-01 -1.287920e+00 -7.208260e-01 1.083437e-02 1.445958e-03 0.000000e+00 7.873171e-02 0.000000e+00 0.000000e+00 -1.746382e-01 -8.512154e-02 -2.557681e-01 -1.303418e+00 
4.121911e-02 4.057862e-02 0.000000e+00 8.543106e-01 0.000000e+00 0.000000e+00 -1.007806e+00 -1.296386e+00 -7.462634e-01 1.070865e-02 1.282040e-03 0.000000e+00 7.656475e-02 0.000000e+00 0.000000e+00 -1.727221e-01 -8.418758e-02 -2.529618e-01 -1.264193e+00 
4.228320e-02 4.069879e-02 0.000000e+00 8.618587e-01 0.000000e+00 0.000000e+00 -1.024979e+00 -1.304756e+00 -7.714147e-01 1.057131e-02 1.122862e-03 0.000000e+00 7.440073e-02 0.000000e+00 0.000000e+00 -1.707318e-01 -8.321746e-02 -2.500468e-01 -1.224275e+00 
4.333301e-02 4.080331e-02 0.000000e+00 8.691907e-01 0.000000e+00 0.000000e+00 -1.041950e+00 -1.313028e+00 -7.962692e-01 1.042306e-02 9.688101e-04 0.000000e+00 7.224394e-02 0.000000e+00 0.000000e+00 -1.686692e-01 -8.221214e-02 -2.470261e-01 -1.183819e+00 
4.436747e-02 4.089271e-02 0.000000e+00 8.763077e-01 0.000000e+00 0.000000e+00 -1.058711e+00 -1.321197e+00 -8.208165e-01 1.026459e-02 8.202303e-04 0.000000e+00 7.009846e-02 0.000000e+00 0.000000e+00 -1.665365e-01 -8.117261e-02 -2.439026e-01 -1.142969e+00 
4.538560e-02 4.096757e-02 0.000000e+00 8.832110e-01 0.000000e+00 0.000000e+00 -1.075255e+00 -1.329261e+00 -8.450464e-01 1.009662e-02 6.774317e-04 0.000000e+00 6.796811e-02 0.000000e+00 0.000000e+00 -1.643357e-01 -8.009991e-02 -2.406794e-01 -1.101868e+00 
4.638649e-02 4.102846e-02 0.000000e+00 8.899023e-01 0.000000e+00 0.000000e+00 -1.091576e+00 -1.337216e+00 -8.689492e-01 9.919882e-03 5.406846e-04 0.000000e+00 6.585647e-02 0.000000e+00 0.000000e+00 -1.620690e-01 -7.899507e-02 -2.373596e-01 -1.060652e+00 
4.736930e-02 4.107600e-02 0.000000e+00 8.963836e-01 0.000000e+00 0.000000e+00 -1.107667e+00 -1.345059e+00 -8.925153e-01 9.735086e-03 4.102205e-04 0.000000e+00 6.376687e-02 0.000000e+00 0.000000e+00 -1.597386e-01 -7.785921e-02 -2.339467e-01 -1.019448e+00 
4.833326e-02 4.111080e-02 0.000000e+00 9.026570e-01 0.000000e+00 0.000000e+00 -1.123521e+00 -1.352787e+00 -9.157355e-01 9.542961e-03 2.862324e-04 0.000000e+00 6.170238e-02 0.000000e+00 0.000000e+00 -1.573469e-01 -7.669343e-02 -2.304438e-01 -9.783815e-01 
4.927767e-02 4.113351e-02 0.000000e+00 9.087252e-01 0.000000e+00 0.000000e+00 -1.139134e+00 -1.360397e+00 -9.386011e-01 9.344238e-03 1.688747e-04 0.000000e+00 5.966584e-02 0.000000e+00 0.000000e+00 -1.548961e-01 -7.549890e-02 -2.268545e-01 -9.375694e-01 
5.020192e-02 4.114479e-02 0.000000e+00 9.145912e-01 0.000000e+00 0.000000e+00 -1.154499e+00 -1.367886e+00 -9.611037e-01 9.139651e-03 5.826301e-05 0.000000e+00 5.765984e-02 0.000000e+00 0.000000e+00 -1.523888e-01 -7.427678e-02 -2.231824e-01 -8.971236e-01 
5.110544e-02 4.114534e-02 0.000000e+00 9.202580e-01 0.000000e+00 0.000000e+00 -1.169610e+00 -1.375251e+00 -9.832350e-01 8.929938e-03 -4.552540e-05 0.000000e+00 5.568672e-02 0.000000e+00 0.000000e+00 -1.498273e-01 -7.302828e-02 -2.194310e-01 -8.571497e-01 
5.198777e-02 4.113585e-02 0.000000e+00 9.257293e-01 0.000000e+00 0.000000e+00 -1.184462e+00 -1.382491e+00 -1.004987e+00 8.715841e-03 -1.424520e-04 0.000000e+00 5.374856e-02 0.000000e+00 0.000000e+00 -1.472143e-01 -7.175464e-02 -2.156040e-01 -8.177478e-01 
5.284848e-02 4.111704e-02 0.000000e+00 9.310087e-01 0.000000e+00 0.000000e+00 -1.199051e+00 -1.389602e+00 -1.026353e+00 8.498083e-03 -2.325066e-04 0.000000e+00 5.184725e-02 0.000000e+00 0.000000e+00 -1.445522e-01 -7.045712e-02 -2.117053e-01 -7.790108e-01 
5.368723e-02 4.108955e-02 0.000000e+00 9.360997e-01 0.000000e+00 0.000000e+00 -1.213371e+00 -1.396581e+00 -1.047326e+00 8.277318e-03 -3.157078e-04 0.000000e+00 4.998439e-02 0.000000e+00 0.000000e+00 -1.418438e-01 -6.913698e-02 -2.077386e-01 -7.410187e-01 
5.450379e-02 4.105408e-02 0.000000e+00 9.410065e-01 0.000000e+00 0.000000e+00 -1.227418e+00 -1.403428e+00 -1.067899e+00 8.054210e-03 -3.921455e-04 0.000000e+00 4.816119e-02 0.000000e+00 0.000000e+00 -1.390916e-01 -6.779554e-02 -2.037080e-01 -7.038413e-01 
5.529797e-02 4.101132e-02 0.000000e+00 9.457332e-01 0.000000e+00 0.000000e+00 -1.241188e+00 -1.410140e+00 -1.088066e+00 7.829400e-03 -4.619314e-04 0.000000e+00 4.637863e-02 0.000000e+00 0.000000e+00 -1.362985e-01 -6.643413e-02 -1.996172e-01 -6.675416e-01 
5.606964e-02 4.096192e-02 0.000000e+00 9.502837e-01 0.000000e+00 0.000000e+00 -1.254677e+00 -1.416714e+00 -1.107821e+00 7.603490e-03 -5.251956e-04 0.000000e+00 4.463757e-02 0.000000e+00 0.000000e+00 -1.334671e-01 -6.505407e-02 -1.954705e-01 -6.321761e-01 
5.681871e-02 4.090652e-02 0.000000e+00 9.546624e-01 0.000000e+00 0.000000e+00 -1.267880e+00 -1.423150e+00 -1.127158e+00 7.377051e-03 -5.820871e-04 0.000000e+00 4.293866e-02 0.000000e+00 0.000000e+00 -1.306003e-01 -6.365674e-02 -1.912719e-01 -5.977941e-01 
5.754514e-02 4.084576e-02 0.000000e+00 9.588733e-01 0.000000e+00 0.000000e+00 -1.280796e+00 -1.429445e+00 -1.146073e+00 7.150622e-03 -6.327735e-04 0.000000e+00 4.128240e-02 0.000000e+00 0.000000e+00 -1.277009e-01 -6.224352e-02 -1.870256e-01 -5.644381e-01 
5.824894e-02 4.078022e-02 0.000000e+00 9.629208e-01 0.000000e+00 0.000000e+00 -1.293420e+00 -1.435598e+00 -1.164562e+00 6.924705e-03 -6.774410e-04 0.000000e+00 3.966910e-02 0.000000e+00 0.000000e+00 -1.247717e-01 -6.081579e-02 -1.827356e-01 -5.321439e-01 
5.893019e-02 4.071051e-02 0.000000e+00 9.668090e-01 0.000000e+00 0.000000e+00 -1.305749e+00 -1.441608e+00 -1.182619e+00 6.699772e-03 -7.162943e-04 0.000000e+00 3.809891e-02 0.000000e+00 0.000000e+00 -1.218157e-01 -5.937497e-02 -1.784063e-01 -5.009402e-01 
5.958899e-02 4.063717e-02 0.000000e+00 9.705422e-01 0.000000e+00 0.000000e+00 -1.317782e+00 -1.447473e+00 -1.200242e+00 6.476260e-03 -7.495570e-04 0.000000e+00 3.657181e-02 0.000000e+00 0.000000e+00 -1.188357e-01 -5.792249e-02 -1.740420e-01 -4.708491e-01 
6.022549e-02 4.056076e-02 0.000000e+00 9.741247e-01 0.000000e+00 0.000000e+00 -1.329516e+00 -1.453192e+00 -1.217427e+00 6.254571e-03 -7.774713e-04 0.000000e+00 3.508761e-02 0.000000e+00 0.000000e+00 -1.158348e-01 -5.645976e-02 -1.696469e-01 -4.418856e-01 
6.083992e-02 4.048181e-02 0.000000e+00 9.775608e-01 0.000000e+00 0.000000e+00 -1.340948e+00 -1.458765e+00 -1.234170e+00 6.035076e-03 -8.002978e-04 0.000000e+00 3.364593e-02 0.000000e+00 0.000000e+00 -1.128158e-01 -5.498825e-02 -1.652254e-01 -4.140580e-01 
6.143252e-02 4.040082e-02 0.000000e+00 9.808548e-01 0.000000e+00 0.000000e+00 -1.352078e+00 -1.464190e+00 -1.250471e+00 5.818111e-03 -8.183159e-04 0.000000e+00 3.224624e-02 0.000000e+00 0.000000e+00 -1.097817e-01 -5.350939e-02 -1.607818e-01 -3.873678e-01 
6.200359e-02 4.031828e-02 0.000000e+00 9.840112e-01 0.000000e+00 0.000000e+00 -1.362904e+00 -1.469466e+00 -1.266326e+00 5.603987e-03 -8.318091e-04 0.000000e+00 3.088792e-02 0.000000e+00 0.000000e+00 -1.067355e-01 -5.202465e-02 -1.563205e-01 -3.618124e-01 
6.255338e-02 4.023461e-02 0.000000e+00 9.870338e-01 0.000000e+00 0.000000e+00 -1.373425e+00 -1.474594e+00 -1.281735e+00 5.392984e-03 -8.410224e-04 0.000000e+00 2.957049e-02 0.000000e+00 0.000000e+00 -1.036803e-01 -5.053549e-02 -1.518460e-01 -3.373912e-01 
6.308224e-02 4.015023e-02 0.000000e+00 9.899266e-01 0.000000e+00 0.000000e+00 -1.383640e+00 -1.479573e+00 -1.296695e+00 5.185321e-03 -8.462398e-04 0.000000e+00 2.829315e-02 0.000000e+00 0.000000e+00 -1.006191e-01 -4.904339e-02 -1.473626e-01 -3.140912e-01 
6.359052e-02 4.006551e-02 0.000000e+00 9.926937e-01 0.000000e+00 0.000000e+00 -1.393549e+00 -1.484403e+00 -1.311207e+00 4.981189e-03 -8.477424e-04 0.000000e+00 2.705507e-02 0.000000e+00 0.000000e+00 -9.755482e-02 -4.754982e-02 -1.428748e-01 -2.918967e-01 
6.407859e-02 3.998080e-02 0.000000e+00 9.953389e-01 0.000000e+00 0.000000e+00 -1.403151e+00 -1.489083e+00 -1.325270e+00 4.780763e-03 -8.458039e-04 0.000000e+00 2.585537e-02 0.000000e+00 0.000000e+00 -9.449055e-02 -4.605624e-02 -1.383870e-01 -2.707899e-01 
6.454683e-02 3.989644e-02 0.000000e+00 9.978661e-01 0.000000e+00 0.000000e+00 -1.412447e+00 -1.493614e+00 -1.338884e+00 4.584196e-03 -8.406902e-04 0.000000e+00 2.469321e-02 0.000000e+00 0.000000e+00 -9.142930e-02 -4.456414e-02 -1.339036e-01 -2.507516e-01 
6.499562e-02 3.981273e-02 0.000000e+00 1.000279e+00 0.000000e+00 0.000000e+00 -1.421437e+00 -1.497996e+00 -1.352051e+00 4.391623e-03 -8.326593e-04 0.000000e+00 2.356772e-02 0.000000e+00 0.000000e+00 -8.837410e-02 -4.307498e-02 -1.294291e-01 -2.317606e-01 
6.542537e-02 3.972996e-02 0.000000e+00 1.002581e+00 0.000000e+00 0.000000e+00 -1.430122e+00 -1.502229e+00 -1.364771e+00 4.203156e-03 -8.219617e-04 0.000000e+00 2.247800e-02 0.000000e+00 0.000000e+00 -8.532796e-02 -4.159024e-02 -1.249679e-01 -2.137941e-01 
6.583647e-02 3.964839e-02 0.000000e+00 1.004776e+00 0.000000e+00 0.000000e+00 -1.438503e+00 -1.506314e+00 -1.377045e+00 4.018891e-03 -8.088401e-04 0.000000e+00 2.142320e-02 0.000000e+00 0.000000e+00 -8.229388e-02 -4.011139e-02 -1.205243e-01 -1.968276e-01 
6.622935e-02 3.956824e-02 0.000000e+00 1.006867e+00 0.000000e+00 0.000000e+00 -1.446581e+00 -1.510252e+00 -1.388876e+00 3.838902e-03 -7.935294e-04 0.000000e+00 2.040240e-02 0.000000e+00 0.000000e+00 -7.927487e-02 -3.863987e-02 -1.161027e-01 -1.808348e-01 
6.660442e-02 3.948974e-02 0.000000e+00 1.008857e+00 0.000000e+00 0.000000e+00 -1.454359e+00 -1.514043e+00 -1.400267e+00 3.663244e-03 -7.762569e-04 0.000000e+00 1.941471e-02 0.000000e+00 0.000000e+00 -7.627389e-02 -3.717715e-02 -1.117076e-01 -1.657876e-01 
6.696213e-02 3.941306e-02 0.000000e+00 1.010751e+00 0.000000e+00 0.000000e+00 -1.461837e+00 -1.517688e+00 -1.411219e+00 3.491951e-03 -7.572421e-04 0.000000e+00 1.845923e-02 0.000000e+00 0.000000e+00 -7.329392e-02 -3.572466e-02 -1.073433e-01 -1.516564e-01 
6.730291e-02 3.933836e-02 0.000000e+00 1.012550e+00 0.000000e+00 0.000000e+00 -1.469018e+00 -1.521188e+00 -1.421736e+00 3.325038e-03 -7.366966e-04 0.000000e+00 1.753504e-02 0.000000e+00 0.000000e+00 -7.033789e-02 -3.428384e-02 -1.030140e-01 -1.384096e-01 
6.762722e-02 3.926579e-02 0.000000e+00 1.014259e+00 0.000000e+00 0.000000e+00 -1.475905e+00 -1.524545e+00 -1.431823e+00 3.162500e-03 -7.148247e-04 0.000000e+00 1.664122e-02 0.000000e+00 0.000000e+00 -6.740872e-02 -3.285612e-02 -9.872407e-02 -1.260140e-01 
6.793552e-02 3.919545e-02 0.000000e+00 1.015879e+00 0.000000e+00 0.000000e+00 -1.482501e+00 -1.527760e+00 -1.441483e+00 3.004317e-03 -6.918221e-04 0.000000e+00 1.577684e-02 0.000000e+00 0.000000e+00 -6.450930e-02 -3.144289e-02 -9.447770e-02 -1.144350e-01 
6.822822e-02 3.912747e-02 0.000000e+00 1.017415e+00 0.000000e+00 0.000000e+00 -1.488808e+00 -1.530834e+00 -1.450720e+00 2.850496e-03 -6.678663e-04 0.000000e+00 1.494114e-02 0.000000e+00 0.000000e+00 -6.164249e-02 -3.004556e-02 -9.027909e-02 -1.036430e-01 
6.850576e-02 3.906193e-02 0.000000e+00 1.018868e+00 0.000000e+00 0.000000e+00 -1.494831e+00 -1.533769e+00 -1.459540e+00 2.701020e-03 -6.431191e-04 0.000000e+00 1.413335e-02 0.000000e+00 0.000000e+00 -5.881113e-02 -2.866551e-02 -8.613238e-02 -9.360630e-02 
6.876857e-02 3.899888e-02 0.000000e+00 1.020243e+00 0.000000e+00 0.000000e+00 -1.500572e+00 -1.536568e+00 -1.467948e+00 2.555858e-03 -6.177342e-04 0.000000e+00 1.335272e-02 0.000000e+00 0.000000e+00 -5.601800e-02 -2.730409e-02 -8.204168e-02 -8.429220e-02 
6.901707e-02 3.893840e-02 0.000000e+00 1.021540e+00 0.000000e+00 0.000000e+00 -1.506036e+00 -1.539231e+00 -1.475951e+00 2.414978e-03 -5.918572e-04 0.000000e+00 1.259853e-02 0.000000e+00 0.000000e+00 -5.326586e-02 -2.596265e-02 -7.801101e-02 -7.566852e-02 
6.925171e-02 3.888051e-02 0.000000e+00 1.022763e+00 0.000000e+00 0.000000e+00 -1.511227e+00 -1.541761e+00 -1.483553e+00 2.278348e-03 -5.656252e-04 0.000000e+00 1.187011e-02 0.000000e+00 0.000000e+00 -5.055743e-02 -2.464252e-02 -7.404435e-02 -6.770346e-02 
6.947288e-02 3.882526e-02 0.000000e+00 1.023915e+00 0.000000e+00 0.000000e+00 -1.516149e+00 -1.544160e+00 -1.490762e+00 2.145934e-03 -5.391669e-04 0.000000e+00 1.116682e-02 0.000000e+00 0.000000e+00 -4.789537e-02 -2.334499e-02 -7.014562e-02 -6.036566e-02 
6.968103e-02 3.877266e-02 0.000000e+00 1.024997e+00 0.000000e+00 0.000000e+00 -1.520807e+00 -1.546431e+00 -1.497584e+00 2.017705e-03 -5.126029e-04 0.000000e+00 1.048807e-02 0.000000e+00 0.000000e+00 -4.528233e-02 -2.207135e-02 -6.631866e-02 -5.362419e-02 
6.987657e-02 3.872271e-02 0.000000e+00 1.026013e+00 0.000000e+00 0.000000e+00 -1.525207e+00 -1.548575e+00 -1.504028e+00 1.893626e-03 -4.860450e-04 0.000000e+00 9.833288e-03 0.000000e+00 0.000000e+00 -4.272088e-02 -2.082285e-02 -6.256726e-02 -4.744856e-02 
7.005990e-02 3.867543e-02 0.000000e+00 1.026965e+00 0.000000e+00 0.000000e+00 -1.529353e+00 -1.550596e+00 -1.510100e+00 1.773664e-03 -4.595970e-04 0.000000e+00 9.201970e-03 0.000000e+00 0.000000e+00 -4.021353e-02 -1.960074e-02 -5.889511e-02 -4.180870e-02 
7.023143e-02 3.863078e-02 0.000000e+00 1.027854e+00 0.000000e+00 0.000000e+00 -1.533252e+00 -1.552496e+00 -1.515810e+00 1.657783e-03 -4.333543e-04 0.000000e+00 8.593637e-03 0.000000e+00 0.000000e+00 -3.776278e-02 -1.840620e-02 -5.530583e-02 -3.667499e-02 
7.039159e-02 3.858876e-02 0.000000e+00 1.028684e+00 0.000000e+00 0.000000e+00 -1.536908e+00 -1.554278e+00 -1.521164e+00 1.545948e-03 -4.074038e-04 0.000000e+00 8.007849e-03 0.000000e+00 0.000000e+00 -3.537104e-02 -1.724042e-02 -5.180298e-02 -3.201823e-02 
7.054076e-02 3.854931e-02 0.000000e+00 1.029457e+00 0.000000e+00 0.000000e+00 -1.540328e+00 -1.555945e+00 -1.526173e+00 1.438125e-03 -3.818242e-04 0.000000e+00 7.444209e-03 0.000000e+00 0.000000e+00 -3.304066e-02 -1.610456e-02 -4.839001e-02 -2.780964e-02 
7.067934e-02 3.851240e-02 0.000000e+00 1.030174e+00 0.000000e+00 0.000000e+00 -1.543518e+00 -1.557500e+00 -1.530846e+00 1.334275e-03 -3.566857e-04 0.000000e+00 6.902359e-03 0.000000e+00 0.000000e+00 -3.077395e-02 -1.499973e-02 -4.507027e-02 -2.402091e-02 
7.080774e-02 3.847797e-02 0.000000e+00 1.030838e+00 0.000000e+00 0.000000e+00 -1.546485e+00 -1.558946e+00 -1.535191e+00 1.234371e-03 -3.320564e-04 0.000000e+00 6.381969e-03 0.000000e+00 0.000000e+00 -2.857314e-02 -1.392702e-02 -4.184706e-02 -2.062473e-02 
7.092635e-02 3.844597e-02 0.000000e+00 1.031451e+00 0.000000e+00 0.000000e+00 -1.549235e+00 -1.560287e+00 -1.539218e+00 1.138391e-03 -3.080019e-04 0.000000e+00 5.882756e-03 0.000000e+00 0.000000e+00 -2.644042e-02 -1.288749e-02 -3.872356e-02 -1.759484e-02 
7.103556e-02 3.841635e-02 0.000000e+00 1.032015e+00 0.000000e+00 0.000000e+00 -1.551775e+00 -1.561525e+00 -1.542939e+00 1.046314e-03 -2.845776e-04 0.000000e+00 5.404481e-03 0.000000e+00 0.000000e+00 -2.437787e-02 -1.188217e-02 -3.570284e-02 -1.490519e-02 
7.113575e-02 3.838903e-02 0.000000e+00 1.032532e+00 0.000000e+00 0.000000e+00 -1.554113e+00 -1.562665e+00 -1.546362e+00 9.581221e-04 -2.618354e-04 0.000000e+00 4.946933e-03 0.000000e+00 0.000000e+00 -2.238754e-02 -1.091205e-02 -3.278788e-02 -1.253055e-02 
7.122731e-02 3.836395e-02 0.000000e+00 1.033005e+00 0.000000e+00 0.000000e+00 -1.556255e+00 -1.563709e+00 -1.549500e+00 8.738001e-04 -2.398239e-04 0.000000e+00 4.509930e-03 0.000000e+00 0.000000e+00 -2.047139e-02 -9.978091e-03 -2.998156e-02 -1.044650e-02 
7.131063e-02 3.834104e-02 0.000000e+00 1.033435e+00 0.000000e+00 0.000000e+00 -1.558210e+00 -1.564661e+00 -1.552362e+00 7.933362e-04 -2.185882e-04 0.000000e+00 4.093314e-03 0.000000e+00 0.000000e+00 -1.863131e-02 -9.081207e-03 -2.728666e-02 -8.629477e-03 
7.138610e-02 3.832020e-02 0.000000e+00 1.033824e+00 0.000000e+00 0.000000e+00 -1.559984e+00 -1.565526e+00 -1.554961e+00 7.167219e-04 -1.981699e-04 0.000000e+00 3.696957e-03 0.000000e+00 0.000000e+00 -1.686912e-02 -8.222287e-03 -2.470583e-02 -7.056718e-03 
7.145410e-02 3.830137e-02 0.000000e+00 1.034175e+00 0.000000e+00 0.000000e+00 -1.561586e+00 -1.566307e+00 -1.557307e+00 6.439517e-04 -1.786074e-04 0.000000e+00 3.320757e-03 0.000000e+00 0.000000e+00 -1.518656e-02 -7.402179e-03 -2.224162e-02 -5.706299e-03 
7.151501e-02 3.828445e-02 0.000000e+00 1.034489e+00 0.000000e+00 0.000000e+00 -1.563024e+00 -1.567008e+00 -1.559413e+00 5.750235e-04 -1.599353e-04 0.000000e+00 2.964640e-03 0.000000e+00 0.000000e+00 -1.358529e-02 -6.621691e-03 -1.989646e-02 -4.557121e-03 
7.156923e-02 3.826935e-02 0.000000e+00 1.034769e+00 0.000000e+00 0.000000e+00 -1.564306e+00 -1.567633e+00 -1.561291e+00 5.099384e-04 -1.421852e-04 0.000000e+00 2.628558e-03 0.000000e+00 0.000000e+00 -1.206688e-02 -5.881595e-03 -1.767266e-02 -3.588909e-03 
7.161713e-02 3.825599e-02 0.000000e+00 1.035016e+00 0.000000e+00 0.000000e+00 -1.565440e+00 -1.568186e+00 -1.562952e+00 4.487007e-04 -1.253849e-04 0.000000e+00 2.312491e-03 0.000000e+00 0.000000e+00 -1.063284e-02 -5.182620e-03 -1.557242e-02 -2.782217e-03 
7.165910e-02 3.824425e-02 0.000000e+00 1.035232e+00 0.000000e+00 0.000000e+00 -1.566435e+00 -1.568671e+00 -1.564409e+00 3.913179e-04 -1.095591e-04 0.000000e+00 2.016447e-03 0.000000e+00 0.000000e+00 -9.284579e-03 -4.525456e-03 -1.359782e-02 -2.118424e-03 
7.169553e-02 3.823404e-02 0.000000e+00 1.035420e+00 0.000000e+00 0.000000e+00 -1.567300e+00 -1.569092e+00 -1.565676e+00 3.377972e-04 -9.473131e-05 0.000000e+00 1.740431e-03 0.000000e+00 0.000000e+00 -8.023432e-03 -3.910752e-03 -1.175079e-02 -1.580146e-03 
7.172679e-02 3.822527e-02 0.000000e+00 1.035581e+00 0.000000e+00 0.000000e+00 -1.568043e+00 -1.569454e+00 -1.566764e+00 2.881498e-04 -8.092386e-05 0.000000e+00 1.484466e-03 0.000000e+00 0.000000e+00 -6.850642e-03 -3.339115e-03 -1.003317e-02 -1.150969e-03 
7.175329e-02 3.821783e-02 0.000000e+00 1.035717e+00 0.000000e+00 0.000000e+00 -1.568673e+00 -1.569761e+00 -1.567687e+00 2.423915e-04 -6.815553e-05 0.000000e+00 1.248614e-03 0.000000e+00 0.000000e+00 -5.767366e-03 -2.811109e-03 -8.446649e-03 -8.151988e-04 
7.177540e-02 3.821161e-02 0.000000e+00 1.035831e+00 0.000000e+00 0.000000e+00 -1.569200e+00 -1.570018e+00 -1.568458e+00 2.005379e-04 -5.644341e-05 0.000000e+00 1.032936e-03 0.000000e+00 0.000000e+00 -4.774673e-03 -2.327254e-03 -6.992791e-03 -5.583360e-04 
7.179352e-02 3.820650e-02 0.000000e+00 1.035924e+00 0.000000e+00 0.000000e+00 -1.569631e+00 -1.570228e+00 -1.569090e+00 1.626043e-04 -4.580295e-05 0.000000e+00 8.374947e-04 0.000000e+00 0.000000e+00 -3.873542e-03 -1.888028e-03 -5.673032e-03 -3.670836e-04 
7.180805e-02 3.820241e-02 0.000000e+00 1.035999e+00 0.000000e+00 0.000000e+00 -1.569977e+00 -1.570397e+00 -1.569597e+00 1.286060e-04 -3.624794e-05 0.000000e+00 6.623551e-04 0.000000e+00 0.000000e+00 -3.064864e-03 -1.493865e-03 -4.488675e-03 -2.293432e-04 
7.181938e-02 3.819921e-02 0.000000e+00 1.036058e+00 0.000000e+00 0.000000e+00 -1.570247e+00 -1.570529e+00 -1.569992e+00 9.855791e-05 -2.779054e-05 0.000000e+00 5.075821e-04 0.000000e+00 0.000000e+00 -2.349436e-03 -1.145154e-03 -3.440888e-03 -1.342167e-04 
7.182790e-02 3.819681e-02 0.000000e+00 1.036101e+00 0.000000e+00 0.000000e+00 -1.570450e+00 -1.570628e+00 -1.570290e+00 7.247464e-05 -2.044125e-05 0.000000e+00 3.732422e-04 0.000000e+00 0.000000e+00 -1.727964e-03 -8.422380e-04 -2.530706e-03 -7.200511e-05 
7.183400e-02 3.819508e-02 0.000000e+00 1.036133e+00 0.000000e+00 0.000000e+00 -1.570596e+00 -1.570699e+00 -1.570503e+00 5.037067e-05 -1.420891e-05 0.000000e+00 2.594031e-04 0.000000e+00 0.000000e+00 -1.201062e-03 -5.854171e-04 -1.759026e-03 -3.420949e-05 
7.183810e-02 3.819393e-02 0.000000e+00 1.036154e+00 0.000000e+00 0.000000e+00 -1.570694e+00 -1.570746e+00 -1.570646e+00 3.226021e-05 -9.100749e-06 0.000000e+00 1.661334e-04 0.000000e+00 0.000000e+00 -7.692489e-04 -3.749445e-04 -1.126611e-03 -1.353040e-05 
7.184059e-02 3.819323e-02 0.000000e+00 1.036167e+00 0.000000e+00 0.000000e+00 -1.570753e+00 -1.570775e+00 -1.570733e+00 1.815726e-05 -5.122314e-06 0.000000e+00 9.350329e-05 0.000000e+00 0.000000e+00 -4.329517e-04 -2.110278e-04 -6.340835e-04 -3.868119e-06 
7.184187e-02 3.819287e-02 0.000000e+00 1.036173e+00 0.000000e+00 0.000000e+00 -1.570783e+00 -1.570790e+00 -1.570778e+00 8.075562e-06 -2.277521e-06 0.000000e+00 4.158366e-05 0.000000e+00 0.000000e+00 -1.925021e-04 -9.382870e-05 -2.819308e-04 -3.227013e-07 
7.184234e-02 3.819274e-02 0.000000e+00 1.036176e+00 0.000000e+00 0.000000e+00 -1.570795e+00 -1.570796e+00 -1.570794e+00 2.024151e-06 -5.692919e-07 0.000000e+00 1.042066e-05 0.000000e+00 0.000000e+00 -4.813741e-05 -2.346296e-05 -7.050010e-05 5.261306e-07 
7.184241e-02 3.819272e-02 0.000000e+00 1.036176e+00 0.000000e+00 0.000000e+00 -1.570796e+00 -1.570796e+00 -1.570796e+00 6.389009e-09 3.105451e-10 0.000000e+00 2.979255e-08 0.000000e+00 0.000000e+00 -0.000000e+00 -0.000000e+00 -0.000000e+00 5.827536e-07 
