0.000000e+00 0.000000e+00 0.000000e+00 
-4.275313e-02 -2.343936e-02 -9.575282e-03 
-8.546464e-02 -4.685628e-02 -1.914095e-02 
-1.280938e-01 -7.022942e-02 -2.868713e-02 
-1.706011e-01 -9.353866e-02 -3.820368e-02 
-2.129479e-01 -1.167651e-01 -4.768023e-02 
-2.550968e-01 -1.398911e-01 -5.710615e-02 
-2.970114e-01 -1.629001e-01 -6.647059e-02 
-3.386566e-01 -1.857770e-01 -7.576250e-02 
-3.799982e-01 -2.085077e-01 -8.497064e-02 
-4.210034e-01 -2.310793e-01 -9.408360e-02 
-4.616403e-01 -2.534802e-01 -1.030898e-01 
-5.018780e-01 -2.756997e-01 -1.119777e-01 
-5.416871e-01 -2.977283e-01 -1.207354e-01 
-5.810387e-01 -3.195578e-01 -1.293511e-01 
-6.199054e-01 -3.411805e-01 -1.378130e-01 
-6.582603e-01 -3.625903e-01 -1.461091e-01 
-6.960779e-01 -3.837816e-01 -1.542277e-01 
-7.333330e-01 -4.047499e-01 -1.621570e-01 
-7.700018e-01 -4.254914e-01 -1.698852e-01 
-8.060607e-01 -4.460033e-01 -1.774008e-01 
-8.414871e-01 -4.662835e-01 -1.846924e-01 
-8.762590e-01 -4.863306e-01 -1.917490e-01 
-9.103548e-01 -5.061437e-01 -1.985596e-01 
-9.437534e-01 -5.257228e-01 -2.051137e-01 
-9.764342e-01 -5.450684e-01 -2.114011e-01 
-1.008377e+00 -5.641813e-01 -2.174121e-01 
-1.039561e+00 -5.830629e-01 -2.231373e-01 
-1.069967e+00 -6.017151e-01 -2.285681e-01 
-1.099576e+00 -6.201401e-01 -2.336963e-01 
-1.128366e+00 -6.383405e-01 -2.385146e-01 
-1.156319e+00 -6.563189e-01 -2.430162e-01 
-1.183415e+00 -6.740784e-01 -2.471953e-01 
-1.209633e+00 -6.916222e-01 -2.510469e-01 
-1.234955e+00 -7.089536e-01 -2.545670e-01 
-1.259358e+00 -7.260761e-01 -2.577527e-01 
-1.282824e+00 -7.429930e-01 -2.606021e-01 
-1.305331e+00 -7.597077e-01 -2.631146e-01 
-1.326858e+00 -7.762236e-01 -2.652909e-01 
-1.347385e+00 -7.925438e-01 -2.671329e-01 
-1.366888e+00 -8.086714e-01 -2.686441e-01 
-1.385347e+00 -8.246090e-01 -2.698295e-01 
-1.402739e+00 -8.403590e-01 -2.706954e-01 
-1.419041e+00 -8.559234e-01 -2.712501e-01 
-1.434231e+00 -8.713034e-01 -2.715033e-01 
-1.448286e+00 -8.864998e-01 -2.714663e-01 
-1.461182e+00 -9.015127e-01 -2.711523e-01 
-1.472895e+00 -9.163411e-01 -2.705761e-01 
-1.483401e+00 -9.309832e-01 -2.697542e-01 
-1.492677e+00 -9.454358e-01 -2.687048e-01 
-1.500697e+00 -9.596945e-01 -2.674476e-01 
-1.507436e+00 -9.737532e-01 -2.660039e-01 
-1.512868e+00 -9.876043e-01 -2.643962e-01 
-1.516969e+00 -1.001238e+00 -2.626486e-01 
-1.519712e+00 -1.014642e+00 -2.607860e-01 
-1.521070e+00 -1.027803e+00 -2.588344e-01 
-1.521015e+00 -1.040702e+00 -2.568203e-01 
-1.519520e+00 -1.053321e+00 -2.547710e-01 
-1.516556e+00 -1.065635e+00 -2.527136e-01 
-1.512093e+00 -1.077617e+00 -2.506751e-01 
-1.506101e+00 -1.089237e+00 -2.486823e-01 
-1.498548e+00 -1.100460e+00 -2.467610e-01 
-1.489401e+00 -1.111246e+00 -2.449358e-01 
-1.478627e+00 -1.121551e+00 -2.432299e-01 
-1.466190e+00 -1.131327e+00 -2.416644e-01 
-1.452054e+00 -1.140518e+00 -2.402582e-01 
-1.436180e+00 -1.149067e+00 -2.390273e-01 
-1.418530e+00 -1.156909e+00 -2.379848e-01 
-1.399062e+00 -1.163974e+00 -2.371403e-01 
-1.377735e+00 -1.170187e+00 -2.364995e-01 
-1.354506e+00 -1.175467e+00 -2.360641e-01 
-1.329329e+00 -1.179730e+00 -2.358316e-01 
-1.302162e+00 -1.182885e+00 -2.357948e-01 
-1.272958e+00 -1.184839e+00 -2.359420e-01 
-1.241673e+00 -1.185492e+00 -2.362567e-01 
-1.208262e+00 -1.184743e+00 -2.367177e-01 
-1.172681e+00 -1.182489e+00 -2.372990e-01 
-1.134889e+00 -1.178622e+00 -2.379704e-01 
-1.094847e+00 -1.173037e+00 -2.386971e-01 
-1.052518e+00 -1.165625e+00 -2.394406e-01 
-1.007871e+00 -1.156282e+00 -2.401586e-01 
-9.608794e-01 -1.144905e+00 -2.408060e-01 
-9.115217e-01 -1.131392e+00 -2.413351e-01 
-8.597846e-01 -1.115650e+00 -2.416964e-01 
-8.056628e-01 -1.097591e+00 -2.418391e-01 
-7.491604e-01 -1.077132e+00 -2.417120e-01 
-6.902916e-01 -1.054202e+00 -2.412642e-01 
-6.290823e-01 -1.028740e+00 -2.404460e-01 
-5.655708e-01 -1.000696e+00 -2.392096e-01 
-4.998090e-01 -9.700340e-01 -2.375099e-01 
-4.318632e-01 -9.367319e-01 -2.353055e-01 
-3.618148e-01 -9.007829e-01 -2.325591e-01 
-2.897612e-01 -8.621967e-01 -2.292384e-01 
-2.158160e-01 -8.210002e-01 -2.253165e-01 
-1.401097e-01 -7.772380e-01 -2.207729e-01 
-6.278986e-02 -7.309734e-01 -2.155935e-01 
1.597948e-02 -6.822878e-01 -2.097711e-01 
9.601746e-02 -6.312818e-01 -2.033055e-01 
1.771272e-01 -5.780739e-01 -1.962038e-01 
2.590966e-01 -5.228012e-01 -1.884805e-01 
3.416987e-01 -4.656178e-01 -1.801567e-01 
4.246930e-01 -4.066938e-01 -1.712604e-01 
5.078273e-01 -3.462149e-01 -1.618257e-01 
5.908392e-01 -2.843811e-01 -1.518928e-01 
6.734580e-01 -2.214049e-01 -1.415072e-01 
7.554066e-01 -1.575099e-01 -1.307188e-01 
8.364039e-01 -9.292860e-02 -1.195815e-01 
9.161667e-01 -2.790039e-02 -1.081520e-01 
9.944121e-01 3.733033e-02 -9.648913e-02 
1.070860e+00 1.025166e-01 -8.465298e-02 
1.145236e+00 1.674110e-01 -7.270379e-02 
1.217272e+00 2.317674e-01 -6.070146e-02 
1.286715e+00 2.953431e-01 -4.870497e-02 
1.353319e+00 3.579020e-01 -3.677070e-02 
1.416856e+00 4.192155e-01 -2.495246e-02 
1.477116e+00 4.790646e-01 -1.330091e-02 
1.533907e+00 5.372417e-01 -1.862984e-03 
1.587059e+00 5.935521e-01 9.318575e-03 
1.636425e+00 6.478159e-01 2.020557e-02 
1.681879e+00 6.998685e-01 3.076466e-02 
1.723323e+00 7.495628e-01 4.096748e-02 
1.760680e+00 7.967688e-01 5.079078e-02 
1.793901e+00 8.413749e-01 6.021609e-02 
1.822962e+00 8.832871e-01 6.922914e-02 
1.847865e+00 9.224304e-01 7.782048e-02 
1.868635e+00 9.587482e-01 8.598472e-02 
1.885323e+00 9.922016e-01 9.372018e-02 
1.898000e+00 1.022770e+00 1.010285e-01 
1.906759e+00 1.050448e+00 1.079144e-01 
1.911715e+00 1.075249e+00 1.143850e-01 
1.912997e+00 1.097200e+00 1.204497e-01 
1.910753e+00 1.116342e+00 1.261195e-01 
1.905143e+00 1.132730e+00 1.314067e-01 
1.896340e+00 1.146430e+00 1.363247e-01 
1.884526e+00 1.157520e+00 1.408875e-01 
1.869892e+00 1.166085e+00 1.451091e-01 
1.852633e+00 1.172222e+00 1.490032e-01 
1.832949e+00 1.176030e+00 1.525834e-01 
1.811041e+00 1.177616e+00 1.558630e-01 
1.787109e+00 1.177093e+00 1.588545e-01 
1.761353e+00 1.174574e+00 1.615698e-01 
1.733966e+00 1.170176e+00 1.640201e-01 
1.705140e+00 1.164017e+00 1.662155e-01 
1.675056e+00 1.156215e+00 1.681653e-01 
1.643893e+00 1.146886e+00 1.698777e-01 
1.611818e+00 1.136146e+00 1.713601e-01 
1.578990e+00 1.124107e+00 1.726188e-01 
1.545560e+00 1.110879e+00 1.736594e-01 
1.511664e+00 1.096569e+00 1.744873e-01 
1.477434e+00 1.081278e+00 1.751066e-01 
1.442985e+00 1.065104e+00 1.755211e-01 
1.408427e+00 1.048139e+00 1.757341e-01 
1.373854e+00 1.030473e+00 1.757485e-01 
1.339354e+00 1.012186e+00 1.755669e-01 
1.305003e+00 9.933572e-01 1.751917e-01 
1.270865e+00 9.740568e-01 1.746252e-01 
1.236997e+00 9.543514e-01 1.738693e-01 
1.203447e+00 9.343013e-01 1.729260e-01 
1.170253e+00 9.139619e-01 1.717972e-01 
1.137447e+00 8.933826e-01 1.704849e-01 
1.105051e+00 8.726081e-01 1.689911e-01 
1.073083e+00 8.516777e-01 1.673176e-01 
1.041551e+00 8.306260e-01 1.654670e-01 
1.010460e+00 8.094831e-01 1.634414e-01 
9.798080e-01 7.882744e-01 1.612434e-01 
9.495898e-01 7.670211e-01 1.588757e-01 
9.197948e-01 7.457407e-01 1.563410e-01 
8.904091e-01 7.244469e-01 1.536424e-01 
8.614154e-01 7.031497e-01 1.507831e-01 
8.327938e-01 6.818564e-01 1.477663e-01 
8.045218e-01 6.605712e-01 1.445956e-01 
7.765752e-01 6.392956e-01 1.412746e-01 
7.489281e-01 6.180290e-01 1.378071e-01 
7.215535e-01 5.967685e-01 1.341970e-01 
6.944237e-01 5.755097e-01 1.304485e-01 
6.675101e-01 5.542464e-01 1.265657e-01 
6.407843e-01 5.329713e-01 1.225530e-01 
6.142176e-01 5.116761e-01 1.184149e-01 
5.877820e-01 4.903517e-01 1.141558e-01 
5.614497e-01 4.689885e-01 1.097804e-01 
5.351940e-01 4.475767e-01 1.052935e-01 
5.089892e-01 4.261063e-01 1.006999e-01 
4.828107e-01 4.045676e-01 9.600453e-02 
4.566354e-01 3.829513e-01 9.121229e-02 
4.304418e-01 3.612486e-01 8.632825e-02 
4.042103e-01 3.394516e-01 8.135752e-02 
3.779231e-01 3.175533e-01 7.630526e-02 
3.515646e-01 2.955478e-01 7.117666e-02 
3.251215e-01 2.734305e-01 6.597700e-02 
2.985830e-01 2.511985e-01 6.071157e-02 
2.719405e-01 2.288501e-01 5.538571e-02 
2.451884e-01 2.063856e-01 5.000479e-02 
2.183239e-01 1.838071e-01 4.457422e-02 
1.913468e-01 1.611186e-01 3.909945e-02 
1.642601e-01 1.383262e-01 3.358593e-02 
1.370699e-01 1.154379e-01 2.803917e-02 
1.097854e-01 9.246420e-02 2.246466e-02 
8.241881e-02 6.941757e-02 1.686794e-02 
5.498591e-02 4.631286e-02 1.125456e-02 
2.750557e-02 2.316719e-02 5.630059e-03 
-8.159073e-15 -1.041189e-14 -2.175090e-15 
