0.000000e+00 0.000000e+00 0.000000e+00 0.000000e+00 0.000000e+00 0.000000e+00 3.803000e-01 -6.198000e-01 1.286700e+00 0.000000e+00 0.000000e+00 0.000000e+00 0.000000e+00 0.000000e+00 0.000000e+00 0.000000e+00 0.000000e+00 0.000000e+00 0.000000e+00 
-7.237623e-10 -1.785948e-10 0.000000e+00 1.589562e-09 0.000000e+00 0.000000e+00 3.803000e-01 -6.198000e-01 1.286700e+00 -2.835746e-08 -6.945365e-09 0.000000e+00 6.551731e-08 0.000000e+00 0.000000e+00 -6.114028e-08 6.732329e-07 -3.604821e-06 -1.556376e-11 
-1.077915e-08 -2.544755e-09 0.000000e+00 2.856065e-08 0.000000e+00 0.000000e+00 3.803000e-01 -6.197998e-01 1.286699e+00 -2.045203e-07 -4.743264e-08 0.000000e+00 6.024461e-07 0.000000e+00 0.000000e+00 -3.539821e-07 4.110531e-06 -2.655542e-05 -8.649851e-10 
-4.972878e-08 -1.114279e-08 0.000000e+00 1.606150e-07 0.000000e+00 0.000000e+00 3.802999e-01 -6.197991e-01 1.286694e+00 -6.222488e-07 -1.314975e-07 0.000000e+00 2.302873e-06 0.000000e+00 0.000000e+00 -9.753731e-07 1.024289e-05 -8.220779e-05 -8.776588e-09 
-1.453538e-07 -2.989291e-08 0.000000e+00 5.584290e-07 0.000000e+00 0.000000e+00 3.802998e-01 -6.197977e-01 1.286681e+00 -1.334621e-06 -2.450834e-07 0.000000e+00 6.091570e-06 0.000000e+00 0.000000e+00 -2.211525e-06 1.716666e-05 -1.787501e-04 -4.237346e-08 
-3.274603e-07 -5.990504e-08 0.000000e+00 1.486726e-06 0.000000e+00 0.000000e+00 3.802994e-01 -6.197957e-01 1.286656e+00 -2.369874e-06 -3.504768e-07 0.000000e+00 1.311986e-05 0.000000e+00 0.000000e+00 -4.888506e-06 2.234782e-05 -3.202230e-04 -1.432889e-07 
-6.305190e-07 -9.789894e-08 0.000000e+00 3.334745e-06 0.000000e+00 0.000000e+00 3.802987e-01 -6.197934e-01 1.286615e+00 -3.744591e-06 -3.925311e-07 0.000000e+00 2.472698e-05 0.000000e+00 0.000000e+00 -1.034187e-05 2.311965e-05 -5.081988e-04 -3.778311e-07 
-1.088316e-06 -1.339610e-07 0.000000e+00 6.634903e-06 0.000000e+00 0.000000e+00 3.802972e-01 -6.197913e-01 1.286553e+00 -5.473432e-06 -3.000798e-07 0.000000e+00 4.242329e-05 0.000000e+00 0.000000e+00 -2.058231e-05 1.737961e-05 -7.425173e-04 -8.541192e-07 
-1.737274e-06 -1.506790e-07 0.000000e+00 1.207699e-05 0.000000e+00 0.000000e+00 3.802943e-01 -6.197902e-01 1.286465e+00 -7.572461e-06 8.428514e-09 0.000000e+00 6.784761e-05 0.000000e+00 0.000000e+00 -3.808420e-05 3.447250e-06 -1.022206e-03 -1.728485e-06 
-2.615720e-06 -1.221098e-07 0.000000e+00 2.051982e-05 0.000000e+00 0.000000e+00 3.802892e-01 -6.197909e-01 1.286347e+00 -1.006142e-05 6.219255e-07 0.000000e+00 1.027368e-04 0.000000e+00 0.000000e+00 -6.570025e-05 -1.990725e-05 -1.345942e-03 -3.222279e-06 
-3.763563e-06 -1.305274e-08 0.000000e+00 3.299985e-05 0.000000e+00 0.000000e+00 3.802808e-01 -6.197945e-01 1.286195e+00 -1.296557e-05 1.633715e-06 0.000000e+00 1.488951e-04 0.000000e+00 0.000000e+00 -1.065665e-04 -5.346551e-05 -1.712480e-03 -5.645580e-06 
-5.223615e-06 2.210801e-07 0.000000e+00 5.073583e-05 0.000000e+00 0.000000e+00 3.802674e-01 -6.198020e-01 1.286003e+00 -1.631303e-05 3.138794e-06 0.000000e+00 2.081628e-04 0.000000e+00 0.000000e+00 -1.639265e-04 -9.785682e-05 -2.120745e-03 -9.421401e-06 
-7.041783e-06 6.343421e-07 0.000000e+00 7.513116e-05 0.000000e+00 0.000000e+00 3.802473e-01 -6.198144e-01 1.285769e+00 -2.013351e-05 5.231944e-06 0.000000e+00 2.823898e-04 0.000000e+00 0.000000e+00 -2.410283e-04 -1.536856e-04 -2.569887e-03 -1.511681e-05 
-9.266999e-06 1.290192e-06 0.000000e+00 1.077737e-04 0.000000e+00 0.000000e+00 3.802184e-01 -6.198331e-01 1.285488e+00 -2.445734e-05 8.006274e-06 0.000000e+00 3.734114e-04 0.000000e+00 0.000000e+00 -3.410554e-04 -2.215940e-04 -3.059317e-03 -2.347906e-05 
-1.195109e-05 2.261300e-06 0.000000e+00 1.504333e-04 0.000000e+00 0.000000e+00 3.801782e-01 -6.198592e-01 1.285156e+00 -2.931480e-05 1.155208e-05 0.000000e+00 4.830279e-04 0.000000e+00 0.000000e+00 -4.670773e-04 -3.022877e-04 -3.588702e-03 -3.547482e-05 
-1.514882e-05 3.629196e-06 0.000000e+00 2.050573e-04 0.000000e+00 0.000000e+00 3.801240e-01 -6.198940e-01 1.284769e+00 -3.473484e-05 1.595602e-05 0.000000e+00 6.129845e-04 0.000000e+00 0.000000e+00 -6.220061e-04 -3.965724e-04 -4.157899e-03 -5.233076e-05 
-1.891778e-05 5.483850e-06 0.000000e+00 2.737640e-04 0.000000e+00 0.000000e+00 3.800528e-01 -6.199390e-01 1.284323e+00 -4.074432e-05 2.130045e-05 0.000000e+00 7.649543e-04 0.000000e+00 0.000000e+00 -8.085701e-04 -5.053513e-04 -4.766886e-03 -7.557430e-05 
-2.331815e-05 7.923231e-06 0.000000e+00 3.588349e-04 0.000000e+00 0.000000e+00 3.799612e-01 -6.199956e-01 1.283814e+00 -4.736754e-05 2.766293e-05 0.000000e+00 9.405228e-04 0.000000e+00 0.000000e+00 -1.029303e-03 -6.295886e-04 -5.415719e-03 -1.070739e-04 
-2.841242e-05 1.105280e-05 0.000000e+00 4.627048e-04 0.000000e+00 0.000000e+00 3.798457e-01 -6.200654e-01 1.283238e+00 -5.462601e-05 3.511576e-05 0.000000e+00 1.141174e-03 0.000000e+00 0.000000e+00 -1.286538e-03 -7.702657e-04 -6.104487e-03 -1.490767e-04 
-3.426507e-05 1.498497e-05 0.000000e+00 5.879515e-04 0.000000e+00 0.000000e+00 3.797026e-01 -6.201502e-01 1.282592e+00 -6.253813e-05 4.372560e-05 0.000000e+00 1.368275e-03 0.000000e+00 0.000000e+00 -1.582400e-03 -9.283402e-04 -6.833278e-03 -2.042427e-04 
-4.094226e-05 1.983853e-05 0.000000e+00 7.372832e-04 0.000000e+00 0.000000e+00 3.795279e-01 -6.202517e-01 1.281871e+00 -7.111899e-05 5.355308e-05 0.000000e+00 1.623071e-03 0.000000e+00 0.000000e+00 -1.918804e-03 -1.104709e-03 -7.602155e-03 -2.756729e-04 
-4.851149e-05 2.573800e-05 0.000000e+00 9.135258e-04 0.000000e+00 0.000000e+00 3.793174e-01 -6.203718e-01 1.281070e+00 -8.038015e-05 6.465248e-05 0.000000e+00 1.906666e-03 0.000000e+00 0.000000e+00 -2.297444e-03 -1.300180e-03 -8.411130e-03 -3.669307e-04 
-5.704121e-05 3.281302e-05 0.000000e+00 1.119609e-03 0.000000e+00 0.000000e+00 3.790669e-01 -6.205124e-01 1.280187e+00 -9.032946e-05 7.707136e-05 0.000000e+00 2.220023e-03 0.000000e+00 0.000000e+00 -2.719789e-03 -1.515448e-03 -9.260160e-03 -4.820564e-04 
-6.660045e-05 4.119761e-05 0.000000e+00 1.358550e-03 0.000000e+00 0.000000e+00 3.787720e-01 -6.206756e-01 1.279217e+00 -1.009708e-04 9.085031e-05 0.000000e+00 2.563951e-03 0.000000e+00 0.000000e+00 -3.187075e-03 -1.751088e-03 -1.014914e-02 -6.255714e-04 
-7.725844e-05 5.102953e-05 0.000000e+00 1.633440e-03 0.000000e+00 0.000000e+00 3.784280e-01 -6.208633e-01 1.278156e+00 -1.123039e-04 1.060227e-04 0.000000e+00 2.939101e-03 0.000000e+00 0.000000e+00 -3.700294e-03 -2.007542e-03 -1.107788e-02 -8.024740e-04 
-8.908416e-05 6.244947e-05 0.000000e+00 1.947427e-03 0.000000e+00 0.000000e+00 3.780303e-01 -6.210778e-01 1.277000e+00 -1.243241e-04 1.226145e-04 0.000000e+00 3.345961e-03 0.000000e+00 0.000000e+00 -4.260189e-03 -2.285125e-03 -1.204615e-02 -1.018224e-03 
-1.021459e-04 7.560035e-05 0.000000e+00 2.303700e-03 0.000000e+00 0.000000e+00 3.775744e-01 -6.213211e-01 1.275745e+00 -1.370223e-04 1.406441e-04 0.000000e+00 3.784857e-03 0.000000e+00 0.000000e+00 -4.867248e-03 -2.584019e-03 -1.305363e-02 -1.278718e-03 
-1.165108e-04 9.062658e-05 0.000000e+00 2.705472e-03 0.000000e+00 0.000000e+00 3.770553e-01 -6.215953e-01 1.274388e+00 -1.503849e-04 1.601225e-04 0.000000e+00 4.255950e-03 0.000000e+00 0.000000e+00 -5.521702e-03 -2.904283e-03 -1.409997e-02 -1.590253e-03 
-1.322445e-04 1.076733e-04 0.000000e+00 3.155963e-03 0.000000e+00 0.000000e+00 3.764684e-01 -6.219026e-01 1.272924e+00 -1.643933e-04 1.810530e-04 0.000000e+00 4.759235e-03 0.000000e+00 0.000000e+00 -6.223526e-03 -3.245854e-03 -1.518474e-02 -1.959482e-03 
-1.494103e-04 1.268855e-04 0.000000e+00 3.658387e-03 0.000000e+00 0.000000e+00 3.758090e-01 -6.222452e-01 1.271350e+00 -1.790244e-04 2.034317e-04 0.000000e+00 5.294549e-03 0.000000e+00 0.000000e+00 -6.972435e-03 -3.608559e-03 -1.630748e-02 -2.393361e-03 
-1.680693e-04 1.484075e-04 0.000000e+00 4.215930e-03 0.000000e+00 0.000000e+00 3.750724e-01 -6.226250e-01 1.269661e+00 -1.942505e-04 2.272473e-04 0.000000e+00 5.861570e-03 0.000000e+00 0.000000e+00 -7.767897e-03 -3.992118e-03 -1.746766e-02 -2.899080e-03 
-1.882792e-04 1.723822e-04 0.000000e+00 4.831742e-03 0.000000e+00 0.000000e+00 3.742539e-01 -6.230443e-01 1.267855e+00 -2.100388e-04 2.524817e-04 0.000000e+00 6.459827e-03 0.000000e+00 0.000000e+00 -8.609138e-03 -4.396154e-03 -1.866472e-02 -3.484001e-03 
-2.100946e-04 1.989503e-04 0.000000e+00 5.508916e-03 0.000000e+00 0.000000e+00 3.733491e-01 -6.235049e-01 1.265927e+00 -2.263523e-04 2.791104e-04 0.000000e+00 7.088706e-03 0.000000e+00 0.000000e+00 -9.495152e-03 -4.820194e-03 -1.989807e-02 -4.155581e-03 
-2.335658e-04 2.282498e-04 0.000000e+00 6.250479e-03 0.000000e+00 0.000000e+00 3.723535e-01 -6.240090e-01 1.263874e+00 -2.431495e-04 3.071026e-04 0.000000e+00 7.747456e-03 0.000000e+00 0.000000e+00 -1.042472e-02 -5.263682e-03 -2.116706e-02 -4.921287e-03 
-2.587391e-04 2.604151e-04 0.000000e+00 7.059374e-03 0.000000e+00 0.000000e+00 3.712627e-01 -6.245583e-01 1.261692e+00 -2.603847e-04 3.364217e-04 0.000000e+00 8.435204e-03 0.000000e+00 0.000000e+00 -1.139641e-02 -5.725980e-03 -2.247100e-02 -5.788525e-03 
-2.856557e-04 2.955769e-04 0.000000e+00 7.938453e-03 0.000000e+00 0.000000e+00 3.700728e-01 -6.251548e-01 1.259379e+00 -2.780081e-04 3.670260e-04 0.000000e+00 9.150959e-03 0.000000e+00 0.000000e+00 -1.240861e-02 -6.206381e-03 -2.380919e-02 -6.764549e-03 
-3.143519e-04 3.338616e-04 0.000000e+00 8.890463e-03 0.000000e+00 0.000000e+00 3.687797e-01 -6.258002e-01 1.256930e+00 -2.959664e-04 3.988694e-04 0.000000e+00 9.893631e-03 0.000000e+00 0.000000e+00 -1.345956e-02 -6.704111e-03 -2.518088e-02 -7.856388e-03 
-3.448583e-04 3.753904e-04 0.000000e+00 9.918038e-03 0.000000e+00 0.000000e+00 3.673797e-01 -6.264961e-01 1.254341e+00 -3.142028e-04 4.319013e-04 0.000000e+00 1.066204e-02 0.000000e+00 0.000000e+00 -1.454733e-02 -7.218340e-03 -2.658530e-02 -9.070768e-03 
-3.771997e-04 4.202797e-04 0.000000e+00 1.102369e-02 0.000000e+00 0.000000e+00 3.658691e-01 -6.272443e-01 1.251611e+00 -3.326573e-04 4.660679e-04 0.000000e+00 1.145491e-02 0.000000e+00 0.000000e+00 -1.566987e-02 -7.748189e-03 -2.802162e-02 -1.041404e-02 
-4.113949e-04 4.686400e-04 0.000000e+00 1.220979e-02 0.000000e+00 0.000000e+00 3.642446e-01 -6.280463e-01 1.248736e+00 -3.512675e-04 5.013125e-04 0.000000e+00 1.227094e-02 0.000000e+00 0.000000e+00 -1.682502e-02 -8.292736e-03 -2.948903e-02 -1.189212e-02 
-4.474563e-04 5.205762e-04 0.000000e+00 1.347860e-02 0.000000e+00 0.000000e+00 3.625031e-01 -6.289033e-01 1.245713e+00 -3.699682e-04 5.375761e-04 0.000000e+00 1.310873e-02 0.000000e+00 0.000000e+00 -1.801057e-02 -8.851029e-03 -3.098665e-02 -1.351042e-02 
-4.853894e-04 5.761871e-04 0.000000e+00 1.483222e-02 0.000000e+00 0.000000e+00 3.606416e-01 -6.298169e-01 1.242538e+00 -3.886927e-04 5.747980e-04 0.000000e+00 1.396687e-02 0.000000e+00 0.000000e+00 -1.922421e-02 -9.422088e-03 -3.251360e-02 -1.527383e-02 
-5.251933e-04 6.355656e-04 0.000000e+00 1.627260e-02 0.000000e+00 0.000000e+00 3.586574e-01 -6.307882e-01 1.239209e+00 -4.073723e-04 6.129165e-04 0.000000e+00 1.484392e-02 0.000000e+00 0.000000e+00 -2.046361e-02 -1.000492e-02 -3.406899e-02 -1.718663e-02 
-5.668601e-04 6.987983e-04 0.000000e+00 1.780158e-02 0.000000e+00 0.000000e+00 3.565481e-01 -6.318182e-01 1.235723e+00 -4.259374e-04 6.518696e-04 0.000000e+00 1.573843e-02 0.000000e+00 0.000000e+00 -2.172641e-02 -1.059852e-02 -3.565190e-02 -1.925254e-02 
-6.103747e-04 7.659653e-04 0.000000e+00 1.942082e-02 0.000000e+00 0.000000e+00 3.543114e-01 -6.329082e-01 1.232078e+00 -4.443174e-04 6.915951e-04 0.000000e+00 1.664894e-02 0.000000e+00 0.000000e+00 -2.301028e-02 -1.120189e-02 -3.726139e-02 -2.147464e-02 
-6.557151e-04 8.371410e-04 0.000000e+00 2.113185e-02 0.000000e+00 0.000000e+00 3.519454e-01 -6.340589e-01 1.228270e+00 -4.624414e-04 7.320318e-04 0.000000e+00 1.757401e-02 0.000000e+00 0.000000e+00 -2.431288e-02 -1.181404e-02 -3.889652e-02 -2.385538e-02 
-7.028521e-04 9.123933e-04 0.000000e+00 2.293606e-02 0.000000e+00 0.000000e+00 3.494483e-01 -6.352712e-01 1.224298e+00 -4.802382e-04 7.731195e-04 0.000000e+00 1.851222e-02 0.000000e+00 0.000000e+00 -2.563193e-02 -1.243398e-02 -4.055636e-02 -2.639663e-02 
-7.517495e-04 9.917846e-04 0.000000e+00 2.483469e-02 0.000000e+00 0.000000e+00 3.468185e-01 -6.365459e-01 1.220158e+00 -4.976370e-04 8.147998e-04 0.000000e+00 1.946219e-02 0.000000e+00 0.000000e+00 -2.696521e-02 -1.306076e-02 -4.223994e-02 -2.909964e-02 
-8.023639e-04 1.075371e-03 0.000000e+00 2.682885e-02 0.000000e+00 0.000000e+00 3.440548e-01 -6.378836e-01 1.215849e+00 -5.145673e-04 8.570166e-04 0.000000e+00 2.042259e-02 0.000000e+00 0.000000e+00 -2.831057e-02 -1.369346e-02 -4.394630e-02 -3.196512e-02 
-8.546450e-04 1.163204e-03 0.000000e+00 2.891951e-02 0.000000e+00 0.000000e+00 3.411561e-01 -6.392848e-01 1.211368e+00 -5.309597e-04 8.997160e-04 0.000000e+00 2.139214e-02 0.000000e+00 0.000000e+00 -2.966595e-02 -1.433119e-02 -4.567450e-02 -3.499326e-02 
-9.085356e-04 1.255329e-03 0.000000e+00 3.110754e-02 0.000000e+00 0.000000e+00 3.381214e-01 -6.407500e-01 1.206713e+00 -5.467457e-04 9.428474e-04 0.000000e+00 2.236960e-02 0.000000e+00 0.000000e+00 -3.102941e-02 -1.497309e-02 -4.742357e-02 -3.818376e-02 
-9.639717e-04 1.351786e-03 0.000000e+00 3.339366e-02 0.000000e+00 0.000000e+00 3.349500e-01 -6.422795e-01 1.201883e+00 -5.618580e-04 9.863634e-04 0.000000e+00 2.335385e-02 0.000000e+00 0.000000e+00 -3.239910e-02 -1.561836e-02 -4.919257e-02 -4.153591e-02 
-1.020882e-03 1.452613e-03 0.000000e+00 3.577850e-02 0.000000e+00 0.000000e+00 3.316414e-01 -6.438737e-01 1.196874e+00 -5.762307e-04 1.030220e-03 0.000000e+00 2.434380e-02 0.000000e+00 0.000000e+00 -3.377333e-02 -1.626626e-02 -5.098056e-02 -4.504866e-02 
-1.079191e-03 1.557840e-03 0.000000e+00 3.826258e-02 0.000000e+00 0.000000e+00 3.281952e-01 -6.455328e-01 1.191686e+00 -5.897997e-04 1.074377e-03 0.000000e+00 2.533847e-02 0.000000e+00 0.000000e+00 -3.515052e-02 -1.691607e-02 -5.278661e-02 -4.872063e-02 
-1.138813e-03 1.667497e-03 0.000000e+00 4.084632e-02 0.000000e+00 0.000000e+00 3.246112e-01 -6.472570e-01 1.186316e+00 -6.025023e-04 1.118799e-03 0.000000e+00 2.633695e-02 0.000000e+00 0.000000e+00 -3.652925e-02 -1.756716e-02 -5.460978e-02 -5.255025e-02 
-1.199660e-03 1.781608e-03 0.000000e+00 4.353007e-02 0.000000e+00 0.000000e+00 3.208894e-01 -6.490463e-01 1.180763e+00 -6.142775e-04 1.163453e-03 0.000000e+00 2.733842e-02 0.000000e+00 0.000000e+00 -3.790823e-02 -1.821894e-02 -5.644915e-02 -5.653577e-02 
-1.261636e-03 1.900195e-03 0.000000e+00 4.631408e-02 0.000000e+00 0.000000e+00 3.170296e-01 -6.509008e-01 1.175026e+00 -6.250662e-04 1.208312e-03 0.000000e+00 2.834218e-02 0.000000e+00 0.000000e+00 -3.928635e-02 -1.887089e-02 -5.830383e-02 -6.067536e-02 
-1.324639e-03 2.023276e-03 0.000000e+00 4.919856e-02 0.000000e+00 0.000000e+00 3.130322e-01 -6.528205e-01 1.169102e+00 -6.348109e-04 1.253352e-03 0.000000e+00 2.934757e-02 0.000000e+00 0.000000e+00 -4.066262e-02 -1.952254e-02 -6.017293e-02 -6.496717e-02 
-1.388562e-03 2.150870e-03 0.000000e+00 5.218363e-02 0.000000e+00 0.000000e+00 3.088972e-01 -6.548053e-01 1.162991e+00 -6.434558e-04 1.298554e-03 0.000000e+00 3.035407e-02 0.000000e+00 0.000000e+00 -4.203623e-02 -2.017348e-02 -6.205556e-02 -6.940941e-02 
-1.453292e-03 2.282992e-03 0.000000e+00 5.526939e-02 0.000000e+00 0.000000e+00 3.046250e-01 -6.568551e-01 1.156691e+00 -6.509466e-04 1.343902e-03 0.000000e+00 3.136123e-02 0.000000e+00 0.000000e+00 -4.340651e-02 -2.082337e-02 -6.395087e-02 -7.400036e-02 
-1.518711e-03 2.419655e-03 0.000000e+00 5.845589e-02 0.000000e+00 0.000000e+00 3.002160e-01 -6.589699e-01 1.150200e+00 -6.572308e-04 1.389385e-03 0.000000e+00 3.236868e-02 0.000000e+00 0.000000e+00 -4.477294e-02 -2.147191e-02 -6.585800e-02 -7.873850e-02 
-1.584696e-03 2.560873e-03 0.000000e+00 6.174313e-02 0.000000e+00 0.000000e+00 2.956706e-01 -6.611494e-01 1.143519e+00 -6.622568e-04 1.434997e-03 0.000000e+00 3.337615e-02 0.000000e+00 0.000000e+00 -4.613514e-02 -2.211888e-02 -6.777614e-02 -8.362251e-02 
-1.651119e-03 2.706659e-03 0.000000e+00 6.513111e-02 0.000000e+00 0.000000e+00 2.909891e-01 -6.633936e-01 1.136645e+00 -6.659745e-04 1.480732e-03 0.000000e+00 3.438343e-02 0.000000e+00 0.000000e+00 -4.749287e-02 -2.276410e-02 -6.970445e-02 -8.865132e-02 
-1.717846e-03 2.857024e-03 0.000000e+00 6.861981e-02 0.000000e+00 0.000000e+00 2.861722e-01 -6.657022e-01 1.129577e+00 -6.683347e-04 1.526591e-03 0.000000e+00 3.539042e-02 0.000000e+00 0.000000e+00 -4.884601e-02 -2.340745e-02 -7.164213e-02 -9.382417e-02 
-1.784739e-03 3.011981e-03 0.000000e+00 7.220918e-02 0.000000e+00 0.000000e+00 2.812201e-01 -6.680750e-01 1.122316e+00 -6.692888e-04 1.572577e-03 0.000000e+00 3.639706e-02 0.000000e+00 0.000000e+00 -5.019457e-02 -2.404884e-02 -7.358837e-02 -9.914060e-02 
-1.851655e-03 3.171544e-03 0.000000e+00 7.589921e-02 0.000000e+00 0.000000e+00 2.761334e-01 -6.705119e-01 1.114859e+00 -6.687891e-04 1.618696e-03 0.000000e+00 3.740335e-02 0.000000e+00 0.000000e+00 -5.153865e-02 -2.468827e-02 -7.554239e-02 -1.046005e-01 
-1.918446e-03 3.335725e-03 0.000000e+00 7.968984e-02 0.000000e+00 0.000000e+00 2.709125e-01 -6.730126e-01 1.107207e+00 -6.667881e-04 1.664954e-03 0.000000e+00 3.840937e-02 0.000000e+00 0.000000e+00 -5.287847e-02 -2.532575e-02 -7.750339e-02 -1.102042e-01 
-1.984961e-03 3.504540e-03 0.000000e+00 8.358108e-02 0.000000e+00 0.000000e+00 2.655578e-01 -6.755770e-01 1.099359e+00 -6.632386e-04 1.711364e-03 0.000000e+00 3.941524e-02 0.000000e+00 0.000000e+00 -5.421433e-02 -2.596134e-02 -7.947059e-02 -1.159522e-01 
-2.051041e-03 3.678003e-03 0.000000e+00 8.757289e-02 0.000000e+00 0.000000e+00 2.600698e-01 -6.782048e-01 1.091313e+00 -6.580932e-04 1.757936e-03 0.000000e+00 4.042112e-02 0.000000e+00 0.000000e+00 -5.554660e-02 -2.659513e-02 -8.144319e-02 -1.218456e-01 
-2.116525e-03 3.856133e-03 0.000000e+00 9.166531e-02 0.000000e+00 0.000000e+00 2.544486e-01 -6.808960e-01 1.083070e+00 -6.513050e-04 1.804685e-03 0.000000e+00 4.142719e-02 0.000000e+00 0.000000e+00 -5.687571e-02 -2.722725e-02 -8.342045e-02 -1.278857e-01 
-2.181246e-03 4.038947e-03 0.000000e+00 9.585834e-02 0.000000e+00 0.000000e+00 2.486947e-01 -6.836502e-01 1.074629e+00 -6.428267e-04 1.851625e-03 0.000000e+00 4.243367e-02 0.000000e+00 0.000000e+00 -5.820214e-02 -2.785781e-02 -8.540163e-02 -1.340741e-01 
-2.245032e-03 4.226464e-03 0.000000e+00 1.001521e-01 0.000000e+00 0.000000e+00 2.428083e-01 -6.864675e-01 1.065989e+00 -6.326107e-04 1.898770e-03 0.000000e+00 4.344080e-02 0.000000e+00 0.000000e+00 -5.952643e-02 -2.848698e-02 -8.738599e-02 -1.404129e-01 
-2.307708e-03 4.418708e-03 0.000000e+00 1.045465e-01 0.000000e+00 0.000000e+00 2.367895e-01 -6.893476e-01 1.057151e+00 -6.206088e-04 1.946135e-03 0.000000e+00 4.444881e-02 0.000000e+00 0.000000e+00 -6.084911e-02 -2.911493e-02 -8.937279e-02 -1.469043e-01 
-2.369093e-03 4.615699e-03 0.000000e+00 1.090419e-01 0.000000e+00 0.000000e+00 2.306385e-01 -6.922904e-01 1.048115e+00 -6.067723e-04 1.993735e-03 0.000000e+00 4.545794e-02 0.000000e+00 0.000000e+00 -6.217073e-02 -2.974182e-02 -9.136130e-02 -1.535508e-01 
-2.429000e-03 4.817463e-03 0.000000e+00 1.136382e-01 0.000000e+00 0.000000e+00 2.243553e-01 -6.952959e-01 1.038879e+00 -5.910516e-04 2.041585e-03 0.000000e+00 4.646843e-02 0.000000e+00 0.000000e+00 -6.349185e-02 -3.036786e-02 -9.335077e-02 -1.603551e-01 
-2.487239e-03 5.024025e-03 0.000000e+00 1.183356e-01 0.000000e+00 0.000000e+00 2.179401e-01 -6.983640e-01 1.029445e+00 -5.733966e-04 2.089696e-03 0.000000e+00 4.748048e-02 0.000000e+00 0.000000e+00 -6.481300e-02 -3.099323e-02 -9.534045e-02 -1.673201e-01 
-2.543613e-03 5.235411e-03 0.000000e+00 1.231343e-01 0.000000e+00 0.000000e+00 2.113927e-01 -7.014946e-01 1.019811e+00 -5.537563e-04 2.138080e-03 0.000000e+00 4.849430e-02 0.000000e+00 0.000000e+00 -6.613469e-02 -3.161813e-02 -9.732956e-02 -1.744487e-01 
-2.597922e-03 5.451650e-03 0.000000e+00 1.280345e-01 0.000000e+00 0.000000e+00 2.047131e-01 -7.046876e-01 1.009979e+00 -5.320790e-04 2.186746e-03 0.000000e+00 4.951002e-02 0.000000e+00 0.000000e+00 -6.745738e-02 -3.224274e-02 -9.931731e-02 -1.817439e-01 
-2.649959e-03 5.672770e-03 0.000000e+00 1.330364e-01 0.000000e+00 0.000000e+00 1.979012e-01 -7.079431e-01 9.999477e-01 -5.083125e-04 2.235703e-03 0.000000e+00 5.052779e-02 0.000000e+00 0.000000e+00 -6.878150e-02 -3.286724e-02 -1.013029e-01 -1.892087e-01 
-2.699513e-03 5.898801e-03 0.000000e+00 1.381402e-01 0.000000e+00 0.000000e+00 1.909568e-01 -7.112611e-01 9.897182e-01 -4.824045e-04 2.284953e-03 0.000000e+00 5.154766e-02 0.000000e+00 0.000000e+00 -7.010742e-02 -3.349178e-02 -1.032856e-01 -1.968461e-01 
-2.746367e-03 6.129771e-03 0.000000e+00 1.433460e-01 0.000000e+00 0.000000e+00 1.838796e-01 -7.146415e-01 9.792906e-01 -4.543026e-04 2.334499e-03 0.000000e+00 5.256967e-02 0.000000e+00 0.000000e+00 -7.143544e-02 -3.411647e-02 -1.052647e-01 -2.046589e-01 
-2.790299e-03 6.365710e-03 0.000000e+00 1.486542e-01 0.000000e+00 0.000000e+00 1.766696e-01 -7.180843e-01 9.686654e-01 -4.239542e-04 2.384340e-03 0.000000e+00 5.359379e-02 0.000000e+00 0.000000e+00 -7.276580e-02 -3.474141e-02 -1.072394e-01 -2.126496e-01 
-2.831081e-03 6.606648e-03 0.000000e+00 1.540648e-01 0.000000e+00 0.000000e+00 1.693264e-01 -7.215897e-01 9.578429e-01 -3.913069e-04 2.434470e-03 0.000000e+00 5.461993e-02 0.000000e+00 0.000000e+00 -7.409865e-02 -3.536667e-02 -1.092089e-01 -2.208208e-01 
-2.868482e-03 6.852614e-03 0.000000e+00 1.595782e-01 0.000000e+00 0.000000e+00 1.618498e-01 -7.251577e-01 9.468238e-01 -3.563082e-04 2.484881e-03 0.000000e+00 5.564794e-02 0.000000e+00 0.000000e+00 -7.543405e-02 -3.599230e-02 -1.111725e-01 -2.291744e-01 
-2.902263e-03 7.103634e-03 0.000000e+00 1.651945e-01 0.000000e+00 0.000000e+00 1.542395e-01 -7.287882e-01 9.356086e-01 -3.189066e-04 2.535561e-03 0.000000e+00 5.667761e-02 0.000000e+00 0.000000e+00 -7.677198e-02 -3.661833e-02 -1.131293e-01 -2.377122e-01 
-2.932182e-03 7.359734e-03 0.000000e+00 1.709138e-01 0.000000e+00 0.000000e+00 1.464953e-01 -7.324814e-01 9.241982e-01 -2.790511e-04 2.586493e-03 0.000000e+00 5.770864e-02 0.000000e+00 0.000000e+00 -7.811235e-02 -3.724477e-02 -1.150786e-01 -2.464356e-01 
-2.957990e-03 7.620940e-03 0.000000e+00 1.767362e-01 0.000000e+00 0.000000e+00 1.386170e-01 -7.362372e-01 9.125932e-01 -2.366921e-04 2.637658e-03 0.000000e+00 5.874070e-02 0.000000e+00 0.000000e+00 -7.945493e-02 -3.787157e-02 -1.170194e-01 -2.553453e-01 
-2.979435e-03 7.887273e-03 0.000000e+00 1.826619e-01 0.000000e+00 0.000000e+00 1.306043e-01 -7.400557e-01 9.007946e-01 -1.917813e-04 2.689031e-03 0.000000e+00 5.977335e-02 0.000000e+00 0.000000e+00 -8.079944e-02 -3.849868e-02 -1.189510e-01 -2.644418e-01 
-2.996259e-03 8.158752e-03 0.000000e+00 1.886909e-01 0.000000e+00 0.000000e+00 1.224570e-01 -7.439369e-01 8.888034e-01 -1.442725e-04 2.740583e-03 0.000000e+00 6.080610e-02 0.000000e+00 0.000000e+00 -8.214549e-02 -3.912600e-02 -1.208726e-01 -2.737248e-01 
-3.008201e-03 8.435394e-03 0.000000e+00 1.948231e-01 0.000000e+00 0.000000e+00 1.141751e-01 -7.478809e-01 8.766205e-01 -9.412207e-05 2.792283e-03 0.000000e+00 6.183841e-02 0.000000e+00 0.000000e+00 -8.349259e-02 -3.975342e-02 -1.227831e-01 -2.831935e-01 
-3.014994e-03 8.717212e-03 0.000000e+00 2.010586e-01 0.000000e+00 0.000000e+00 1.057585e-01 -7.518876e-01 8.642472e-01 -4.128910e-05 2.844093e-03 0.000000e+00 6.286964e-02 0.000000e+00 0.000000e+00 -8.484018e-02 -4.038074e-02 -1.246819e-01 -2.928466e-01 
-3.016368e-03 9.004215e-03 0.000000e+00 2.073970e-01 0.000000e+00 0.000000e+00 9.720709e-02 -7.559571e-01 8.516845e-01 1.426411e-05 2.895974e-03 0.000000e+00 6.389910e-02 0.000000e+00 0.000000e+00 -8.618761e-02 -4.100776e-02 -1.265682e-01 -3.026820e-01 
-3.012049e-03 9.296408e-03 0.000000e+00 2.138383e-01 0.000000e+00 0.000000e+00 8.852100e-02 -7.600892e-01 8.389339e-01 7.257191e-05 2.947880e-03 0.000000e+00 6.492604e-02 0.000000e+00 0.000000e+00 -8.753414e-02 -4.163425e-02 -1.284410e-01 -3.126970e-01 
-3.001761e-03 9.593791e-03 0.000000e+00 2.203821e-01 0.000000e+00 0.000000e+00 7.970032e-02 -7.642839e-01 8.259968e-01 1.336648e-04 2.999764e-03 0.000000e+00 6.594965e-02 0.000000e+00 0.000000e+00 -8.887896e-02 -4.225995e-02 -1.302996e-01 -3.228881e-01 
-2.985223e-03 9.896358e-03 0.000000e+00 2.270281e-01 0.000000e+00 0.000000e+00 7.074529e-02 -7.685411e-01 8.128745e-01 1.975691e-04 3.051574e-03 0.000000e+00 6.696906e-02 0.000000e+00 0.000000e+00 -9.022118e-02 -4.288458e-02 -1.321432e-01 -3.332514e-01 
-2.962153e-03 1.020410e-02 0.000000e+00 2.337757e-01 0.000000e+00 0.000000e+00 6.165620e-02 -7.728607e-01 7.995686e-01 2.643067e-04 3.103254e-03 0.000000e+00 6.798336e-02 0.000000e+00 0.000000e+00 -9.155987e-02 -4.350782e-02 -1.339709e-01 -3.437819e-01 
-2.932267e-03 1.051700e-02 0.000000e+00 2.406245e-01 0.000000e+00 0.000000e+00 5.243347e-02 -7.772426e-01 7.860808e-01 3.338942e-04 3.154747e-03 0.000000e+00 6.899159e-02 0.000000e+00 0.000000e+00 -9.289403e-02 -4.412934e-02 -1.357818e-01 -3.544743e-01 
-2.895279e-03 1.083504e-02 0.000000e+00 2.475738e-01 0.000000e+00 0.000000e+00 4.307758e-02 -7.816865e-01 7.724128e-01 4.063434e-04 3.205992e-03 0.000000e+00 6.999275e-02 0.000000e+00 0.000000e+00 -9.422259e-02 -4.474880e-02 -1.375751e-01 -3.653223e-01 
-2.850903e-03 1.115819e-02 0.000000e+00 2.546228e-01 0.000000e+00 0.000000e+00 3.358917e-02 -7.861923e-01 7.585664e-01 4.816601e-04 3.256925e-03 0.000000e+00 7.098581e-02 0.000000e+00 0.000000e+00 -9.554447e-02 -4.536582e-02 -1.393500e-01 -3.763190e-01 
-2.798851e-03 1.148641e-02 0.000000e+00 2.617707e-01 0.000000e+00 0.000000e+00 2.396895e-02 -7.907596e-01 7.445434e-01 5.598446e-04 3.307480e-03 0.000000e+00 7.196969e-02 0.000000e+00 0.000000e+00 -9.685854e-02 -4.598004e-02 -1.411057e-01 -3.874571e-01 
-2.738839e-03 1.181967e-02 0.000000e+00 2.690164e-01 0.000000e+00 0.000000e+00 1.421776e-02 -7.953882e-01 7.303459e-01 6.408907e-04 3.357589e-03 0.000000e+00 7.294332e-02 0.000000e+00 0.000000e+00 -9.816366e-02 -4.659104e-02 -1.428413e-01 -3.987282e-01 
-2.670578e-03 1.215792e-02 0.000000e+00 2.763590e-01 0.000000e+00 0.000000e+00 4.336556e-03 -8.000777e-01 7.159759e-01 7.247861e-04 3.407183e-03 0.000000e+00 7.390558e-02 0.000000e+00 0.000000e+00 -9.945866e-02 -4.719842e-02 -1.445561e-01 -4.101238e-01 
-2.593787e-03 1.250109e-02 0.000000e+00 2.837971e-01 0.000000e+00 0.000000e+00 -5.673594e-03 -8.048277e-01 7.014354e-01 8.115120e-04 3.456190e-03 0.000000e+00 7.485537e-02 0.000000e+00 0.000000e+00 -1.007424e-01 -4.780178e-02 -1.462493e-01 -4.216345e-01 
-2.508182e-03 1.284913e-02 0.000000e+00 2.913296e-01 0.000000e+00 0.000000e+00 -1.581150e-02 -8.096379e-01 6.867268e-01 9.010427e-04 3.504539e-03 0.000000e+00 7.579156e-02 0.000000e+00 0.000000e+00 -1.020136e-01 -4.840070e-02 -1.479200e-01 -4.332504e-01 
-2.413486e-03 1.320197e-02 0.000000e+00 2.989549e-01 0.000000e+00 0.000000e+00 -2.607586e-02 -8.145077e-01 6.718522e-01 9.933460e-04 3.552156e-03 0.000000e+00 7.671302e-02 0.000000e+00 0.000000e+00 -1.032712e-01 -4.899476e-02 -1.495676e-01 -4.449613e-01 
-2.309422e-03 1.355954e-02 0.000000e+00 3.066717e-01 0.000000e+00 0.000000e+00 -3.646524e-02 -8.194367e-01 6.568141e-01 1.088382e-03 3.598969e-03 0.000000e+00 7.761865e-02 0.000000e+00 0.000000e+00 -1.045140e-01 -4.958353e-02 -1.511912e-01 -4.567563e-01 
-2.195720e-03 1.392174e-02 0.000000e+00 3.144781e-01 0.000000e+00 0.000000e+00 -4.697812e-02 -8.244242e-01 6.416148e-01 1.186106e-03 3.644904e-03 0.000000e+00 7.850735e-02 0.000000e+00 0.000000e+00 -1.057409e-01 -5.016662e-02 -1.527902e-01 -4.686244e-01 
-2.072113e-03 1.428848e-02 0.000000e+00 3.223725e-01 0.000000e+00 0.000000e+00 -5.761285e-02 -8.294698e-01 6.262569e-01 1.286464e-03 3.689889e-03 0.000000e+00 7.937802e-02 0.000000e+00 0.000000e+00 -1.069507e-01 -5.074361e-02 -1.543639e-01 -4.805540e-01 
-1.938341e-03 1.465968e-02 0.000000e+00 3.303531e-01 0.000000e+00 0.000000e+00 -6.836767e-02 -8.345727e-01 6.107429e-01 1.389396e-03 3.733850e-03 0.000000e+00 8.022960e-02 0.000000e+00 0.000000e+00 -1.081426e-01 -5.131411e-02 -1.559114e-01 -4.925332e-01 
-1.794150e-03 1.503522e-02 0.000000e+00 3.384178e-01 0.000000e+00 0.000000e+00 -7.924072e-02 -8.397324e-01 5.950755e-01 1.494836e-03 3.776717e-03 0.000000e+00 8.106106e-02 0.000000e+00 0.000000e+00 -1.093153e-01 -5.187772e-02 -1.574323e-01 -5.045499e-01 
-1.639293e-03 1.541499e-02 0.000000e+00 3.465646e-01 0.000000e+00 0.000000e+00 -9.023006e-02 -8.449480e-01 5.792573e-01 1.602710e-03 3.818418e-03 0.000000e+00 8.187139e-02 0.000000e+00 0.000000e+00 -1.104679e-01 -5.243408e-02 -1.589258e-01 -5.165919e-01 
-1.473530e-03 1.579886e-02 0.000000e+00 3.547913e-01 0.000000e+00 0.000000e+00 -1.013336e-01 -8.502189e-01 5.632912e-01 1.712938e-03 3.858885e-03 0.000000e+00 8.265961e-02 0.000000e+00 0.000000e+00 -1.115996e-01 -5.298282e-02 -1.603913e-01 -5.286466e-01 
-1.296630e-03 1.618672e-02 0.000000e+00 3.630957e-01 0.000000e+00 0.000000e+00 -1.125493e-01 -8.555443e-01 5.471800e-01 1.825434e-03 3.898050e-03 0.000000e+00 8.342479e-02 0.000000e+00 0.000000e+00 -1.127095e-01 -5.352360e-02 -1.618282e-01 -5.407013e-01 
-1.108371e-03 1.657843e-02 0.000000e+00 3.714755e-01 0.000000e+00 0.000000e+00 -1.238748e-01 -8.609233e-01 5.309265e-01 1.940106e-03 3.935848e-03 0.000000e+00 8.416604e-02 0.000000e+00 0.000000e+00 -1.137967e-01 -5.405609e-02 -1.632359e-01 -5.527433e-01 
-9.085398e-04 1.697384e-02 0.000000e+00 3.799281e-01 0.000000e+00 0.000000e+00 -1.353078e-01 -8.663552e-01 5.145337e-01 2.056855e-03 3.972215e-03 0.000000e+00 8.488250e-02 0.000000e+00 0.000000e+00 -1.148605e-01 -5.457998e-02 -1.646138e-01 -5.647598e-01 
-6.969344e-04 1.737282e-02 0.000000e+00 3.884511e-01 0.000000e+00 0.000000e+00 -1.468460e-01 -8.718390e-01 4.980047e-01 2.175577e-03 4.007090e-03 0.000000e+00 8.557338e-02 0.000000e+00 0.000000e+00 -1.159002e-01 -5.509497e-02 -1.659614e-01 -5.767379e-01 
-4.733626e-04 1.777521e-02 0.000000e+00 3.970419e-01 0.000000e+00 0.000000e+00 -1.584870e-01 -8.773739e-01 4.813424e-01 2.296162e-03 4.040413e-03 0.000000e+00 8.623791e-02 0.000000e+00 0.000000e+00 -1.169153e-01 -5.560079e-02 -1.672782e-01 -5.886648e-01 
-2.376438e-04 1.818085e-02 0.000000e+00 4.056978e-01 0.000000e+00 0.000000e+00 -1.702283e-01 -8.829589e-01 4.645501e-01 2.418497e-03 4.072129e-03 0.000000e+00 8.687537e-02 0.000000e+00 0.000000e+00 -1.179051e-01 -5.609719e-02 -1.685637e-01 -6.005275e-01 
1.039109e-05 1.858958e-02 0.000000e+00 4.144161e-01 0.000000e+00 0.000000e+00 -1.820672e-01 -8.885930e-01 4.476308e-01 2.542461e-03 4.102185e-03 0.000000e+00 8.748512e-02 0.000000e+00 0.000000e+00 -1.188693e-01 -5.658394e-02 -1.698173e-01 -6.123132e-01 
2.708988e-04 1.900123e-02 0.000000e+00 4.231939e-01 0.000000e+00 0.000000e+00 -1.940013e-01 -8.942753e-01 4.305877e-01 2.667931e-03 4.130527e-03 0.000000e+00 8.806654e-02 0.000000e+00 0.000000e+00 -1.198072e-01 -5.706084e-02 -1.710387e-01 -6.240091e-01 
5.440235e-04 1.941562e-02 0.000000e+00 4.320284e-01 0.000000e+00 0.000000e+00 -2.060278e-01 -9.000049e-01 4.134242e-01 2.794778e-03 4.157110e-03 0.000000e+00 8.861906e-02 0.000000e+00 0.000000e+00 -1.207187e-01 -5.752773e-02 -1.722272e-01 -6.356024e-01 
8.298963e-04 1.983259e-02 0.000000e+00 4.409167e-01 0.000000e+00 0.000000e+00 -2.181441e-01 -9.057806e-01 3.961435e-01 2.922872e-03 4.181888e-03 0.000000e+00 8.914216e-02 0.000000e+00 0.000000e+00 -1.216033e-01 -5.798446e-02 -1.733824e-01 -6.470804e-01 
1.128635e-03 2.025194e-02 0.000000e+00 4.498559e-01 0.000000e+00 0.000000e+00 -2.303475e-01 -9.116014e-01 3.787489e-01 3.052075e-03 4.204817e-03 0.000000e+00 8.963538e-02 0.000000e+00 0.000000e+00 -1.224609e-01 -5.843090e-02 -1.745037e-01 -6.584305e-01 
1.440344e-03 2.067349e-02 0.000000e+00 4.588428e-01 0.000000e+00 0.000000e+00 -2.426354e-01 -9.174664e-01 3.612439e-01 3.182250e-03 4.225859e-03 0.000000e+00 9.009828e-02 0.000000e+00 0.000000e+00 -1.232912e-01 -5.886690e-02 -1.755909e-01 -6.696399e-01 
1.765112e-03 2.109705e-02 0.000000e+00 4.678745e-01 0.000000e+00 0.000000e+00 -2.550049e-01 -9.233744e-01 3.436318e-01 3.313252e-03 4.244978e-03 0.000000e+00 9.053050e-02 0.000000e+00 0.000000e+00 -1.240941e-01 -5.929231e-02 -1.766436e-01 -6.806962e-01 
2.103017e-03 2.152242e-02 0.000000e+00 4.769479e-01 0.000000e+00 0.000000e+00 -2.674533e-01 -9.293245e-01 3.259162e-01 3.444938e-03 4.262138e-03 0.000000e+00 9.093170e-02 0.000000e+00 0.000000e+00 -1.248695e-01 -5.970700e-02 -1.776616e-01 -6.915867e-01 
2.454118e-03 2.194941e-02 0.000000e+00 4.860598e-01 0.000000e+00 0.000000e+00 -2.799778e-01 -9.353155e-01 3.081006e-01 3.577159e-03 4.277310e-03 0.000000e+00 9.130157e-02 0.000000e+00 0.000000e+00 -1.256172e-01 -6.011087e-02 -1.786445e-01 -7.022991e-01 
2.818461e-03 2.237781e-02 0.000000e+00 4.952071e-01 0.000000e+00 0.000000e+00 -2.925758e-01 -9.413463e-01 2.901885e-01 3.709766e-03 4.290466e-03 0.000000e+00 9.163987e-02 0.000000e+00 0.000000e+00 -1.263374e-01 -6.050385e-02 -1.795920e-01 -7.128205e-01 
3.196079e-03 2.280743e-02 0.000000e+00 5.043867e-01 0.000000e+00 0.000000e+00 -3.052444e-01 -9.474159e-01 2.721834e-01 3.842607e-03 4.301580e-03 0.000000e+00 9.194636e-02 0.000000e+00 0.000000e+00 -1.270299e-01 -6.088589e-02 -1.805037e-01 -7.231386e-01 
3.586986e-03 2.323806e-02 0.000000e+00 5.135953e-01 0.000000e+00 0.000000e+00 -3.179809e-01 -9.535231e-01 2.540890e-01 3.975531e-03 4.310629e-03 0.000000e+00 9.222086e-02 0.000000e+00 0.000000e+00 -1.276948e-01 -6.125697e-02 -1.813792e-01 -7.332407e-01 
3.991183e-03 2.366949e-02 0.000000e+00 5.228298e-01 0.000000e+00 0.000000e+00 -3.307824e-01 -9.596669e-01 2.359089e-01 4.108382e-03 4.317594e-03 0.000000e+00 9.246321e-02 0.000000e+00 0.000000e+00 -1.283322e-01 -6.161711e-02 -1.822179e-01 -7.431140e-01 
4.408655e-03 2.410151e-02 0.000000e+00 5.320869e-01 0.000000e+00 0.000000e+00 -3.436464e-01 -9.658462e-01 2.176467e-01 4.241006e-03 4.322457e-03 0.000000e+00 9.267328e-02 0.000000e+00 0.000000e+00 -1.289420e-01 -6.196628e-02 -1.830197e-01 -7.527458e-01 
4.839371e-03 2.453391e-02 0.000000e+00 5.413634e-01 0.000000e+00 0.000000e+00 -3.565699e-01 -9.720598e-01 1.993062e-01 4.373244e-03 4.325204e-03 0.000000e+00 9.285097e-02 0.000000e+00 0.000000e+00 -1.295244e-01 -6.230438e-02 -1.837843e-01 -7.621233e-01 
5.283285e-03 2.496648e-02 0.000000e+00 5.506560e-01 0.000000e+00 0.000000e+00 -3.695504e-01 -9.783067e-01 1.808911e-01 4.504938e-03 4.325821e-03 0.000000e+00 9.299621e-02 0.000000e+00 0.000000e+00 -1.300795e-01 -6.263132e-02 -1.845115e-01 -7.712335e-01 
5.740335e-03 2.539900e-02 0.000000e+00 5.599615e-01 0.000000e+00 0.000000e+00 -3.825849e-01 -9.845857e-01 1.624051e-01 4.635930e-03 4.324298e-03 0.000000e+00 9.310892e-02 0.000000e+00 0.000000e+00 -1.306072e-01 -6.294704e-02 -1.852013e-01 -7.800633e-01 
6.210442e-03 2.583127e-02 0.000000e+00 5.692767e-01 0.000000e+00 0.000000e+00 -3.956709e-01 -9.908957e-01 1.438520e-01 4.766059e-03 4.320628e-03 0.000000e+00 9.318909e-02 0.000000e+00 0.000000e+00 -1.311077e-01 -6.325149e-02 -1.858533e-01 -7.885994e-01 
6.693513e-03 2.626306e-02 0.000000e+00 5.785983e-01 0.000000e+00 0.000000e+00 -4.088056e-01 -9.972356e-01 1.252357e-01 4.895168e-03 4.314805e-03 0.000000e+00 9.323668e-02 0.000000e+00 0.000000e+00 -1.315811e-01 -6.354464e-02 -1.864671e-01 -7.968284e-01 
7.189436e-03 2.669416e-02 0.000000e+00 5.879230e-01 0.000000e+00 0.000000e+00 -4.219862e-01 -1.003604e+00 1.065599e-01 5.023096e-03 4.306825e-03 0.000000e+00 9.325170e-02 0.000000e+00 0.000000e+00 -1.320273e-01 -6.382646e-02 -1.870426e-01 -8.047368e-01 
7.698087e-03 2.712435e-02 0.000000e+00 5.972475e-01 0.000000e+00 0.000000e+00 -4.352101e-01 -1.010001e+00 8.782848e-02 5.149683e-03 4.296687e-03 0.000000e+00 9.323415e-02 0.000000e+00 0.000000e+00 -1.324465e-01 -6.409689e-02 -1.875794e-01 -8.123108e-01 
8.219323e-03 2.755342e-02 0.000000e+00 6.065687e-01 0.000000e+00 0.000000e+00 -4.484746e-01 -1.016423e+00 6.904536e-02 5.274771e-03 4.284391e-03 0.000000e+00 9.318407e-02 0.000000e+00 0.000000e+00 -1.328385e-01 -6.435588e-02 -1.880772e-01 -8.195366e-01 
8.752987e-03 2.798116e-02 0.000000e+00 6.158832e-01 0.000000e+00 0.000000e+00 -4.617769e-01 -1.022871e+00 5.021441e-02 5.398200e-03 4.269941e-03 0.000000e+00 9.310148e-02 0.000000e+00 0.000000e+00 -1.332035e-01 -6.460334e-02 -1.885358e-01 -8.264000e-01 
9.298903e-03 2.840734e-02 0.000000e+00 6.251879e-01 0.000000e+00 0.000000e+00 -4.751144e-01 -1.029344e+00 3.133957e-02 5.519809e-03 4.253342e-03 0.000000e+00 9.298643e-02 0.000000e+00 0.000000e+00 -1.335413e-01 -6.483913e-02 -1.889550e-01 -8.328870e-01 
9.856883e-03 2.883175e-02 0.000000e+00 6.344795e-01 0.000000e+00 0.000000e+00 -4.884843e-01 -1.035839e+00 1.242477e-02 5.639441e-03 4.234599e-03 0.000000e+00 9.283899e-02 0.000000e+00 0.000000e+00 -1.338519e-01 -6.506311e-02 -1.893347e-01 -8.389832e-01 
1.042672e-02 2.925419e-02 0.000000e+00 6.437546e-01 0.000000e+00 0.000000e+00 -5.018838e-01 -1.042356e+00 -6.526005e-03 5.756936e-03 4.213723e-03 0.000000e+00 9.265922e-02 0.000000e+00 0.000000e+00 -1.341352e-01 -6.527512e-02 -1.896746e-01 -8.446743e-01 
1.100819e-02 2.967443e-02 0.000000e+00 6.530102e-01 0.000000e+00 0.000000e+00 -5.153104e-01 -1.048893e+00 -2.550878e-02 5.872138e-03 4.190725e-03 0.000000e+00 9.244720e-02 0.000000e+00 0.000000e+00 -1.343911e-01 -6.547499e-02 -1.899746e-01 -8.499459e-01 
1.160107e-02 3.009226e-02 0.000000e+00 6.622430e-01 0.000000e+00 0.000000e+00 -5.287611e-01 -1.055450e+00 -4.451954e-02 5.984889e-03 4.165617e-03 0.000000e+00 9.220301e-02 0.000000e+00 0.000000e+00 -1.346193e-01 -6.566253e-02 -1.902345e-01 -8.547836e-01 
1.220508e-02 3.050748e-02 0.000000e+00 6.714498e-01 0.000000e+00 0.000000e+00 -5.422333e-01 -1.062026e+00 -6.355426e-02 6.095034e-03 4.138416e-03 0.000000e+00 9.192677e-02 0.000000e+00 0.000000e+00 -1.348198e-01 -6.583756e-02 -1.904540e-01 -8.591729e-01 
1.281998e-02 3.091988e-02 0.000000e+00 6.806273e-01 0.000000e+00 0.000000e+00 -5.557242e-01 -1.068618e+00 -8.260891e-02 6.202420e-03 4.109138e-03 0.000000e+00 9.161856e-02 0.000000e+00 0.000000e+00 -1.349923e-01 -6.599992e-02 -1.906327e-01 -8.630995e-01 
1.344547e-02 3.132924e-02 0.000000e+00 6.897724e-01 0.000000e+00 0.000000e+00 -5.692308e-01 -1.075225e+00 -1.016794e-01 6.306894e-03 4.077805e-03 0.000000e+00 9.127853e-02 0.000000e+00 0.000000e+00 -1.351365e-01 -6.614932e-02 -1.907707e-01 -8.665492e-01 
1.408126e-02 3.173537e-02 0.000000e+00 6.988819e-01 0.000000e+00 0.000000e+00 -5.827505e-01 -1.081847e+00 -1.207616e-01 6.408299e-03 4.044440e-03 0.000000e+00 9.090682e-02 0.000000e+00 0.000000e+00 -1.352521e-01 -6.628478e-02 -1.908694e-01 -8.695083e-01 
1.472703e-02 3.213806e-02 0.000000e+00 7.079527e-01 0.000000e+00 0.000000e+00 -5.962803e-01 -1.088482e+00 -1.398517e-01 6.506503e-03 4.009064e-03 0.000000e+00 9.050353e-02 0.000000e+00 0.000000e+00 -1.353387e-01 -6.640824e-02 -1.909232e-01 -8.719624e-01 
1.538245e-02 3.253712e-02 0.000000e+00 7.169816e-01 0.000000e+00 0.000000e+00 -6.098173e-01 -1.095128e+00 -1.589452e-01 6.601338e-03 3.971709e-03 0.000000e+00 9.006889e-02 0.000000e+00 0.000000e+00 -1.353962e-01 -6.651641e-02 -1.909391e-01 -8.738991e-01 
1.604718e-02 3.293234e-02 0.000000e+00 7.259655e-01 0.000000e+00 0.000000e+00 -6.233585e-01 -1.101785e+00 -1.780381e-01 6.692671e-03 3.932403e-03 0.000000e+00 8.960305e-02 0.000000e+00 0.000000e+00 -1.354240e-01 -6.661064e-02 -1.909130e-01 -8.753050e-01 
1.672086e-02 3.332353e-02 0.000000e+00 7.349012e-01 0.000000e+00 0.000000e+00 -6.369011e-01 -1.108450e+00 -1.971263e-01 6.780358e-03 3.891179e-03 0.000000e+00 8.910622e-02 0.000000e+00 0.000000e+00 -1.354217e-01 -6.669027e-02 -1.908454e-01 -8.761677e-01 
1.740312e-02 3.371051e-02 0.000000e+00 7.437857e-01 0.000000e+00 0.000000e+00 -6.504419e-01 -1.115122e+00 -2.162057e-01 6.864263e-03 3.848073e-03 0.000000e+00 8.857861e-02 0.000000e+00 0.000000e+00 -1.353889e-01 -6.675497e-02 -1.907359e-01 -8.764755e-01 
1.809358e-02 3.409309e-02 0.000000e+00 7.526159e-01 0.000000e+00 0.000000e+00 -6.639778e-01 -1.121800e+00 -2.352721e-01 6.944250e-03 3.803124e-03 0.000000e+00 8.802049e-02 0.000000e+00 0.000000e+00 -1.353251e-01 -6.680428e-02 -1.905847e-01 -8.762174e-01 
1.879184e-02 3.447108e-02 0.000000e+00 7.613888e-01 0.000000e+00 0.000000e+00 -6.775058e-01 -1.128482e+00 -2.543212e-01 7.020187e-03 3.756373e-03 0.000000e+00 8.743212e-02 0.000000e+00 0.000000e+00 -1.352299e-01 -6.683777e-02 -1.903916e-01 -8.753832e-01 
1.949748e-02 3.484430e-02 0.000000e+00 7.701013e-01 0.000000e+00 0.000000e+00 -6.910227e-01 -1.135167e+00 -2.733489e-01 7.091948e-03 3.707865e-03 0.000000e+00 8.681380e-02 0.000000e+00 0.000000e+00 -1.351027e-01 -6.685502e-02 -1.901566e-01 -8.739635e-01 
2.021008e-02 3.521259e-02 0.000000e+00 7.787505e-01 0.000000e+00 0.000000e+00 -7.045253e-01 -1.141853e+00 -2.923511e-01 7.159411e-03 3.657648e-03 0.000000e+00 8.616586e-02 0.000000e+00 0.000000e+00 -1.349430e-01 -6.685559e-02 -1.898794e-01 -8.719500e-01 
2.092921e-02 3.557578e-02 0.000000e+00 7.873335e-01 0.000000e+00 0.000000e+00 -7.180102e-01 -1.148538e+00 -3.113234e-01 7.222459e-03 3.605773e-03 0.000000e+00 8.548866e-02 0.000000e+00 0.000000e+00 -1.347503e-01 -6.683899e-02 -1.895601e-01 -8.693355e-01 
2.165442e-02 3.593369e-02 0.000000e+00 7.958473e-01 0.000000e+00 0.000000e+00 -7.314742e-01 -1.155220e+00 -3.302618e-01 7.280980e-03 3.552295e-03 0.000000e+00 8.478260e-02 0.000000e+00 0.000000e+00 -1.345241e-01 -6.680470e-02 -1.891988e-01 -8.661141e-01 
2.238526e-02 3.628618e-02 0.000000e+00 8.042891e-01 0.000000e+00 0.000000e+00 -7.449139e-01 -1.161898e+00 -3.491618e-01 7.334867e-03 3.497272e-03 0.000000e+00 8.404810e-02 0.000000e+00 0.000000e+00 -1.342639e-01 -6.675214e-02 -1.887956e-01 -8.622811e-01 
2.312124e-02 3.663310e-02 0.000000e+00 8.126560e-01 0.000000e+00 0.000000e+00 -7.583259e-01 -1.168570e+00 -3.680195e-01 7.384023e-03 3.440765e-03 0.000000e+00 8.328565e-02 0.000000e+00 0.000000e+00 -1.339691e-01 -6.668084e-02 -1.883505e-01 -8.578333e-01 
2.386190e-02 3.697429e-02 0.000000e+00 8.209453e-01 0.000000e+00 0.000000e+00 -7.717066e-01 -1.175234e+00 -3.868305e-01 7.428354e-03 3.382839e-03 0.000000e+00 8.249574e-02 0.000000e+00 0.000000e+00 -1.336391e-01 -6.659044e-02 -1.878632e-01 -8.527689e-01 
2.460675e-02 3.730962e-02 0.000000e+00 8.291542e-01 0.000000e+00 0.000000e+00 -7.850525e-01 -1.181887e+00 -4.055907e-01 7.467778e-03 3.323562e-03 0.000000e+00 8.167892e-02 0.000000e+00 0.000000e+00 -1.332736e-01 -6.648055e-02 -1.873335e-01 -8.470877e-01 
2.535529e-02 3.763896e-02 0.000000e+00 8.372802e-01 0.000000e+00 0.000000e+00 -7.983601e-01 -1.188529e+00 -4.242958e-01 7.502218e-03 3.263005e-03 0.000000e+00 8.083578e-02 0.000000e+00 0.000000e+00 -1.328719e-01 -6.635071e-02 -1.867615e-01 -8.407912e-01 
2.610702e-02 3.796218e-02 0.000000e+00 8.453205e-01 0.000000e+00 0.000000e+00 -8.116257e-01 -1.195157e+00 -4.429416e-01 7.531603e-03 3.201243e-03 0.000000e+00 7.996697e-02 0.000000e+00 0.000000e+00 -1.324336e-01 -6.620029e-02 -1.861477e-01 -8.338829e-01 
2.686144e-02 3.827917e-02 0.000000e+00 8.532728e-01 0.000000e+00 0.000000e+00 -8.248456e-01 -1.201768e+00 -4.615240e-01 7.555874e-03 3.138355e-03 0.000000e+00 7.907317e-02 0.000000e+00 0.000000e+00 -1.319584e-01 -6.602864e-02 -1.854925e-01 -8.263679e-01 
2.761802e-02 3.858982e-02 0.000000e+00 8.611344e-01 0.000000e+00 0.000000e+00 -8.380161e-01 -1.208362e+00 -4.800387e-01 7.574981e-03 3.074422e-03 0.000000e+00 7.815512e-02 0.000000e+00 0.000000e+00 -1.314458e-01 -6.583551e-02 -1.847958e-01 -8.182530e-01 
2.837626e-02 3.889402e-02 0.000000e+00 8.689030e-01 0.000000e+00 0.000000e+00 -8.511335e-01 -1.214935e+00 -4.984817e-01 7.588885e-03 3.009528e-03 0.000000e+00 7.721358e-02 0.000000e+00 0.000000e+00 -1.308953e-01 -6.562069e-02 -1.840572e-01 -8.095474e-01 
2.913563e-02 3.919169e-02 0.000000e+00 8.765763e-01 0.000000e+00 0.000000e+00 -8.641939e-01 -1.221485e+00 -5.168488e-01 7.597557e-03 2.943761e-03 0.000000e+00 7.624939e-02 0.000000e+00 0.000000e+00 -1.303068e-01 -6.538379e-02 -1.832769e-01 -8.002617e-01 
2.989560e-02 3.948275e-02 0.000000e+00 8.841521e-01 0.000000e+00 0.000000e+00 -8.771936e-01 -1.228011e+00 -5.351358e-01 7.600975e-03 2.877211e-03 0.000000e+00 7.526343e-02 0.000000e+00 0.000000e+00 -1.296799e-01 -6.512424e-02 -1.824558e-01 -7.904091e-01 
3.065565e-02 3.976711e-02 0.000000e+00 8.916283e-01 0.000000e+00 0.000000e+00 -8.901286e-01 -1.234509e+00 -5.533386e-01 7.599131e-03 2.809972e-03 0.000000e+00 7.425663e-02 0.000000e+00 0.000000e+00 -1.290145e-01 -6.484155e-02 -1.815944e-01 -7.800044e-01 
3.141525e-02 4.004472e-02 0.000000e+00 8.990028e-01 0.000000e+00 0.000000e+00 -9.029952e-01 -1.240978e+00 -5.714533e-01 7.592030e-03 2.742137e-03 0.000000e+00 7.322996e-02 0.000000e+00 0.000000e+00 -1.283104e-01 -6.453578e-02 -1.806924e-01 -7.690645e-01 
3.217388e-02 4.031553e-02 0.000000e+00 9.062737e-01 0.000000e+00 0.000000e+00 -9.157894e-01 -1.247416e+00 -5.894757e-01 7.579689e-03 2.673806e-03 0.000000e+00 7.218443e-02 0.000000e+00 0.000000e+00 -1.275674e-01 -6.420681e-02 -1.797497e-01 -7.576082e-01 
3.293101e-02 4.057947e-02 0.000000e+00 9.134391e-01 0.000000e+00 0.000000e+00 -9.285074e-01 -1.253819e+00 -6.074019e-01 7.562133e-03 2.605076e-03 0.000000e+00 7.112113e-02 0.000000e+00 0.000000e+00 -1.267857e-01 -6.385434e-02 -1.787671e-01 -7.456564e-01 
3.368613e-02 4.083653e-02 0.000000e+00 9.204974e-01 0.000000e+00 0.000000e+00 -9.411452e-01 -1.260186e+00 -6.252279e-01 7.539402e-03 2.536050e-03 0.000000e+00 7.004118e-02 0.000000e+00 0.000000e+00 -1.259653e-01 -6.347797e-02 -1.777457e-01 -7.332319e-01 
3.443872e-02 4.108668e-02 0.000000e+00 9.274468e-01 0.000000e+00 0.000000e+00 -9.536991e-01 -1.266514e+00 -6.429497e-01 7.511550e-03 2.466829e-03 0.000000e+00 6.894573e-02 0.000000e+00 0.000000e+00 -1.251064e-01 -6.307780e-02 -1.766854e-01 -7.203591e-01 
3.518827e-02 4.132989e-02 0.000000e+00 9.342860e-01 0.000000e+00 0.000000e+00 -9.661652e-01 -1.272801e+00 -6.605636e-01 7.478643e-03 2.397516e-03 0.000000e+00 6.783599e-02 0.000000e+00 0.000000e+00 -1.242092e-01 -6.265407e-02 -1.755863e-01 -7.070643e-01 
3.593429e-02 4.156618e-02 0.000000e+00 9.410136e-01 0.000000e+00 0.000000e+00 -9.785397e-01 -1.279044e+00 -6.780657e-01 7.440759e-03 2.328215e-03 0.000000e+00 6.671321e-02 0.000000e+00 0.000000e+00 -1.232740e-01 -6.220683e-02 -1.744489e-01 -6.933754e-01 
3.667626e-02 4.179554e-02 0.000000e+00 9.476283e-01 0.000000e+00 0.000000e+00 -9.908188e-01 -1.285241e+00 -6.954522e-01 7.397990e-03 2.259030e-03 0.000000e+00 6.557866e-02 0.000000e+00 0.000000e+00 -1.223014e-01 -6.173597e-02 -1.732745e-01 -6.793220e-01 
3.741372e-02 4.201799e-02 0.000000e+00 9.541290e-01 0.000000e+00 0.000000e+00 -1.002999e+00 -1.291390e+00 -7.127194e-01 7.350438e-03 2.190065e-03 0.000000e+00 6.443368e-02 0.000000e+00 0.000000e+00 -1.212919e-01 -6.124165e-02 -1.720636e-01 -6.649349e-01 
3.814620e-02 4.223356e-02 0.000000e+00 9.605147e-01 0.000000e+00 0.000000e+00 -1.015076e+00 -1.297489e+00 -7.298637e-01 7.298222e-03 2.121423e-03 0.000000e+00 6.327961e-02 0.000000e+00 0.000000e+00 -1.202461e-01 -6.072443e-02 -1.708163e-01 -6.502460e-01 
3.887322e-02 4.244229e-02 0.000000e+00 9.667846e-01 0.000000e+00 0.000000e+00 -1.027047e+00 -1.303534e+00 -7.468814e-01 7.241473e-03 2.053205e-03 0.000000e+00 6.211782e-02 0.000000e+00 0.000000e+00 -1.191648e-01 -6.018477e-02 -1.695332e-01 -6.352885e-01 
3.959434e-02 4.264422e-02 0.000000e+00 9.729381e-01 0.000000e+00 0.000000e+00 -1.038908e+00 -1.309525e+00 -7.637692e-01 7.180331e-03 1.985512e-03 0.000000e+00 6.094971e-02 0.000000e+00 0.000000e+00 -1.180488e-01 -5.962301e-02 -1.682152e-01 -6.200965e-01 
4.030914e-02 4.283941e-02 0.000000e+00 9.789744e-01 0.000000e+00 0.000000e+00 -1.050655e+00 -1.315458e+00 -7.805234e-01 7.114950e-03 1.918444e-03 0.000000e+00 5.977672e-02 0.000000e+00 0.000000e+00 -1.168993e-01 -5.903948e-02 -1.668635e-01 -6.047049e-01 
4.101720e-02 4.302794e-02 0.000000e+00 9.848933e-01 0.000000e+00 0.000000e+00 -1.062287e+00 -1.321332e+00 -7.971408e-01 7.045495e-03 1.852096e-03 0.000000e+00 5.860027e-02 0.000000e+00 0.000000e+00 -1.157173e-01 -5.843493e-02 -1.654787e-01 -5.891490e-01 
4.171811e-02 4.320986e-02 0.000000e+00 9.906944e-01 0.000000e+00 0.000000e+00 -1.073798e+00 -1.327145e+00 -8.136180e-01 6.972143e-03 1.786562e-03 0.000000e+00 5.742180e-02 0.000000e+00 0.000000e+00 -1.145039e-01 -5.781024e-02 -1.640611e-01 -5.734642e-01 
4.241150e-02 4.338528e-02 0.000000e+00 9.963776e-01 0.000000e+00 0.000000e+00 -1.085186e+00 -1.332893e+00 -8.299519e-01 6.895081e-03 1.721931e-03 0.000000e+00 5.624278e-02 0.000000e+00 0.000000e+00 -1.132605e-01 -5.716623e-02 -1.626115e-01 -5.576864e-01 
4.309701e-02 4.355428e-02 0.000000e+00 1.001943e+00 0.000000e+00 0.000000e+00 -1.096449e+00 -1.338577e+00 -8.461393e-01 6.814504e-03 1.658291e-03 0.000000e+00 5.506464e-02 0.000000e+00 0.000000e+00 -1.119884e-01 -5.650368e-02 -1.611311e-01 -5.418512e-01 
4.377429e-02 4.371697e-02 0.000000e+00 1.007391e+00 0.000000e+00 0.000000e+00 -1.107583e+00 -1.344194e+00 -8.621772e-01 6.730616e-03 1.595726e-03 0.000000e+00 5.388883e-02 0.000000e+00 0.000000e+00 -1.106894e-01 -5.582338e-02 -1.596210e-01 -5.259941e-01 
4.444303e-02 4.387346e-02 0.000000e+00 1.012721e+00 0.000000e+00 0.000000e+00 -1.118586e+00 -1.349741e+00 -8.780625e-01 6.643630e-03 1.534313e-03 0.000000e+00 5.271678e-02 0.000000e+00 0.000000e+00 -1.093649e-01 -5.512646e-02 -1.580820e-01 -5.101497e-01 
4.510292e-02 4.402388e-02 0.000000e+00 1.017934e+00 0.000000e+00 0.000000e+00 -1.129455e+00 -1.355218e+00 -8.937926e-01 6.553766e-03 1.474126e-03 0.000000e+00 5.154991e-02 0.000000e+00 0.000000e+00 -1.080167e-01 -5.441417e-02 -1.565148e-01 -4.943523e-01 
4.575369e-02 4.416833e-02 0.000000e+00 1.023031e+00 0.000000e+00 0.000000e+00 -1.140189e+00 -1.360624e+00 -9.093646e-01 6.461249e-03 1.415233e-03 0.000000e+00 5.038959e-02 0.000000e+00 0.000000e+00 -1.066465e-01 -5.368771e-02 -1.549200e-01 -4.786349e-01 
4.639509e-02 4.430697e-02 0.000000e+00 1.028012e+00 0.000000e+00 0.000000e+00 -1.150784e+00 -1.365956e+00 -9.247757e-01 6.366310e-03 1.357698e-03 0.000000e+00 4.923718e-02 0.000000e+00 0.000000e+00 -1.052562e-01 -5.294828e-02 -1.532990e-01 -4.630295e-01 
4.702688e-02 4.443992e-02 0.000000e+00 1.032879e+00 0.000000e+00 0.000000e+00 -1.161239e+00 -1.371213e+00 -9.400236e-01 6.269182e-03 1.301580e-03 0.000000e+00 4.809402e-02 0.000000e+00 0.000000e+00 -1.038478e-01 -5.219705e-02 -1.516528e-01 -4.475669e-01 
4.764886e-02 4.456733e-02 0.000000e+00 1.037632e+00 0.000000e+00 0.000000e+00 -1.171553e+00 -1.376395e+00 -9.551055e-01 6.170100e-03 1.246931e-03 0.000000e+00 4.696139e-02 0.000000e+00 0.000000e+00 -1.024232e-01 -5.143533e-02 -1.499825e-01 -4.322764e-01 
4.826085e-02 4.468936e-02 0.000000e+00 1.042271e+00 0.000000e+00 0.000000e+00 -1.181723e+00 -1.381500e+00 -9.700193e-01 6.069302e-03 1.193797e-03 0.000000e+00 4.584050e-02 0.000000e+00 0.000000e+00 -1.009845e-01 -5.066460e-02 -1.482890e-01 -4.171855e-01 
4.886267e-02 4.480614e-02 0.000000e+00 1.046800e+00 0.000000e+00 0.000000e+00 -1.191749e+00 -1.386527e+00 -9.847625e-01 5.967026e-03 1.142218e-03 0.000000e+00 4.473254e-02 0.000000e+00 0.000000e+00 -9.953372e-02 -4.988633e-02 -1.465730e-01 -4.023200e-01 
4.945421e-02 4.491785e-02 0.000000e+00 1.051218e+00 0.000000e+00 0.000000e+00 -1.201630e+00 -1.391477e+00 -9.993331e-01 5.863507e-03 1.092227e-03 0.000000e+00 4.363864e-02 0.000000e+00 0.000000e+00 -9.807289e-02 -4.910194e-02 -1.448355e-01 -3.877037e-01 
5.003534e-02 4.502464e-02 0.000000e+00 1.055528e+00 0.000000e+00 0.000000e+00 -1.211364e+00 -1.396347e+00 -1.013729e+00 5.758979e-03 1.043855e-03 0.000000e+00 4.255983e-02 0.000000e+00 0.000000e+00 -9.660411e-02 -4.831286e-02 -1.430776e-01 -3.733586e-01 
5.060598e-02 4.512668e-02 0.000000e+00 1.059731e+00 0.000000e+00 0.000000e+00 -1.220950e+00 -1.401139e+00 -1.027948e+00 5.653670e-03 9.971210e-04 0.000000e+00 4.149713e-02 0.000000e+00 0.000000e+00 -9.512948e-02 -4.752046e-02 -1.413003e-01 -3.593045e-01 
5.116606e-02 4.522412e-02 0.000000e+00 1.063828e+00 0.000000e+00 0.000000e+00 -1.230390e+00 -1.405851e+00 -1.041988e+00 5.547803e-03 9.520426e-04 0.000000e+00 4.045142e-02 0.000000e+00 0.000000e+00 -9.365103e-02 -4.672612e-02 -1.395048e-01 -3.455590e-01 
5.171553e-02 4.531714e-02 0.000000e+00 1.067822e+00 0.000000e+00 0.000000e+00 -1.239681e+00 -1.410484e+00 -1.055848e+00 5.441597e-03 9.086292e-04 0.000000e+00 3.942356e-02 0.000000e+00 0.000000e+00 -9.217078e-02 -4.593124e-02 -1.376919e-01 -3.321375e-01 
5.225437e-02 4.540590e-02 0.000000e+00 1.071714e+00 0.000000e+00 0.000000e+00 -1.248824e+00 -1.415038e+00 -1.069526e+00 5.335260e-03 8.668842e-04 0.000000e+00 3.841430e-02 0.000000e+00 0.000000e+00 -9.069066e-02 -4.513722e-02 -1.358626e-01 -3.190534e-01 
5.278258e-02 4.549057e-02 0.000000e+00 1.075505e+00 0.000000e+00 0.000000e+00 -1.257819e+00 -1.419512e+00 -1.083020e+00 5.228993e-03 8.268056e-04 0.000000e+00 3.742429e-02 0.000000e+00 0.000000e+00 -8.921253e-02 -4.434539e-02 -1.340177e-01 -3.063175e-01 
5.330018e-02 4.557132e-02 0.000000e+00 1.079199e+00 0.000000e+00 0.000000e+00 -1.266666e+00 -1.423907e+00 -1.096329e+00 5.122988e-03 7.883857e-04 0.000000e+00 3.645413e-02 0.000000e+00 0.000000e+00 -8.773818e-02 -4.355700e-02 -1.321580e-01 -2.939388e-01 
5.380720e-02 4.564831e-02 0.000000e+00 1.082797e+00 0.000000e+00 0.000000e+00 -1.275367e+00 -1.428223e+00 -1.109451e+00 5.017423e-03 7.516117e-04 0.000000e+00 3.550430e-02 0.000000e+00 0.000000e+00 -8.626932e-02 -4.277320e-02 -1.302846e-01 -2.819240e-01 
5.430368e-02 4.572170e-02 0.000000e+00 1.086301e+00 0.000000e+00 0.000000e+00 -1.283920e+00 -1.432462e+00 -1.122386e+00 4.912467e-03 7.164657e-04 0.000000e+00 3.457521e-02 0.000000e+00 0.000000e+00 -8.480752e-02 -4.199507e-02 -1.283982e-01 -2.702777e-01 
5.478971e-02 4.579165e-02 0.000000e+00 1.089713e+00 0.000000e+00 0.000000e+00 -1.292328e+00 -1.436623e+00 -1.135131e+00 4.808275e-03 6.829250e-04 0.000000e+00 3.366716e-02 0.000000e+00 0.000000e+00 -8.335426e-02 -4.122359e-02 -1.264999e-01 -2.590026e-01 
5.526537e-02 4.585833e-02 0.000000e+00 1.093035e+00 0.000000e+00 0.000000e+00 -1.300592e+00 -1.440707e+00 -1.147685e+00 4.704989e-03 6.509624e-04 0.000000e+00 3.278037e-02 0.000000e+00 0.000000e+00 -8.191086e-02 -4.045962e-02 -1.245906e-01 -2.480993e-01 
5.573075e-02 4.592190e-02 0.000000e+00 1.096269e+00 0.000000e+00 0.000000e+00 -1.308711e+00 -1.444715e+00 -1.160049e+00 4.602736e-03 6.205464e-04 0.000000e+00 3.191497e-02 0.000000e+00 0.000000e+00 -8.047851e-02 -3.970393e-02 -1.226709e-01 -2.375669e-01 
5.618596e-02 4.598249e-02 0.000000e+00 1.099419e+00 0.000000e+00 0.000000e+00 -1.316688e+00 -1.448648e+00 -1.172219e+00 4.501630e-03 5.916416e-04 0.000000e+00 3.107098e-02 0.000000e+00 0.000000e+00 -7.905823e-02 -3.895720e-02 -1.207417e-01 -2.274025e-01 
5.663111e-02 4.604027e-02 0.000000e+00 1.102484e+00 0.000000e+00 0.000000e+00 -1.324523e+00 -1.452507e+00 -1.184197e+00 4.401771e-03 5.642089e-04 0.000000e+00 3.024834e-02 0.000000e+00 0.000000e+00 -7.765089e-02 -3.821998e-02 -1.188038e-01 -2.176020e-01 
5.706635e-02 4.609538e-02 0.000000e+00 1.105469e+00 0.000000e+00 0.000000e+00 -1.332218e+00 -1.456292e+00 -1.195980e+00 4.303243e-03 5.382060e-04 0.000000e+00 2.944692e-02 0.000000e+00 0.000000e+00 -7.625717e-02 -3.749271e-02 -1.168578e-01 -2.081596e-01 
5.749181e-02 4.614796e-02 0.000000e+00 1.108374e+00 0.000000e+00 0.000000e+00 -1.339775e+00 -1.460006e+00 -1.207568e+00 4.206116e-03 5.135880e-04 0.000000e+00 2.866648e-02 0.000000e+00 0.000000e+00 -7.487761e-02 -3.677566e-02 -1.149045e-01 -1.990684e-01 
5.790763e-02 4.619815e-02 0.000000e+00 1.111203e+00 0.000000e+00 0.000000e+00 -1.347194e+00 -1.463648e+00 -1.218960e+00 4.110445e-03 4.903072e-04 0.000000e+00 2.790671e-02 0.000000e+00 0.000000e+00 -7.351256e-02 -3.606901e-02 -1.129446e-01 -1.903203e-01 
5.831395e-02 4.624607e-02 0.000000e+00 1.113956e+00 0.000000e+00 0.000000e+00 -1.354478e+00 -1.467220e+00 -1.230157e+00 4.016270e-03 4.683139e-04 0.000000e+00 2.716722e-02 0.000000e+00 0.000000e+00 -7.216221e-02 -3.537279e-02 -1.109788e-01 -1.819065e-01 
5.871093e-02 4.629185e-02 0.000000e+00 1.116637e+00 0.000000e+00 0.000000e+00 -1.361627e+00 -1.470723e+00 -1.241156e+00 3.923619e-03 4.475562e-04 0.000000e+00 2.644757e-02 0.000000e+00 0.000000e+00 -7.082658e-02 -3.468691e-02 -1.090078e-01 -1.738170e-01 
5.909872e-02 4.633562e-02 0.000000e+00 1.119247e+00 0.000000e+00 0.000000e+00 -1.368644e+00 -1.474157e+00 -1.251958e+00 3.832504e-03 4.279811e-04 0.000000e+00 2.574721e-02 0.000000e+00 0.000000e+00 -6.950554e-02 -3.401117e-02 -1.070323e-01 -1.660415e-01 
5.947748e-02 4.637748e-02 0.000000e+00 1.121787e+00 0.000000e+00 0.000000e+00 -1.375529e+00 -1.477525e+00 -1.262562e+00 3.742926e-03 4.095341e-04 0.000000e+00 2.506557e-02 0.000000e+00 0.000000e+00 -6.819876e-02 -3.334524e-02 -1.050529e-01 -1.585689e-01 
5.984736e-02 4.641756e-02 0.000000e+00 1.124260e+00 0.000000e+00 0.000000e+00 -1.382284e+00 -1.480827e+00 -1.272969e+00 3.654873e-03 3.921595e-04 0.000000e+00 2.440201e-02 0.000000e+00 0.000000e+00 -6.690581e-02 -3.268871e-02 -1.030702e-01 -1.513880e-01 
6.020851e-02 4.645595e-02 0.000000e+00 1.126668e+00 0.000000e+00 0.000000e+00 -1.388910e+00 -1.484063e+00 -1.283176e+00 3.568323e-03 3.758015e-04 0.000000e+00 2.375584e-02 0.000000e+00 0.000000e+00 -6.562608e-02 -3.204108e-02 -1.010851e-01 -1.444871e-01 
6.056107e-02 4.649275e-02 0.000000e+00 1.129012e+00 0.000000e+00 0.000000e+00 -1.395410e+00 -1.487235e+00 -1.293185e+00 3.483242e-03 3.604034e-04 0.000000e+00 2.312632e-02 0.000000e+00 0.000000e+00 -6.435886e-02 -3.140174e-02 -9.909805e-02 -1.378547e-01 
6.090520e-02 4.652806e-02 0.000000e+00 1.131294e+00 0.000000e+00 0.000000e+00 -1.401783e+00 -1.490344e+00 -1.302996e+00 3.399590e-03 3.459085e-04 0.000000e+00 2.251271e-02 0.000000e+00 0.000000e+00 -6.310331e-02 -3.077004e-02 -9.710978e-02 -1.314790e-01 
6.124104e-02 4.656196e-02 0.000000e+00 1.133515e+00 0.000000e+00 0.000000e+00 -1.408031e+00 -1.493389e+00 -1.312607e+00 3.317316e-03 3.322605e-04 0.000000e+00 2.191420e-02 0.000000e+00 0.000000e+00 -6.185849e-02 -3.014526e-02 -9.512097e-02 -1.253484e-01 
6.156871e-02 4.659454e-02 0.000000e+00 1.135677e+00 0.000000e+00 0.000000e+00 -1.414155e+00 -1.496373e+00 -1.322020e+00 3.236364e-03 3.194031e-04 0.000000e+00 2.132999e-02 0.000000e+00 0.000000e+00 -6.062338e-02 -2.952664e-02 -9.313227e-02 -1.194518e-01 
6.188835e-02 4.662587e-02 0.000000e+00 1.137781e+00 0.000000e+00 0.000000e+00 -1.420156e+00 -1.499295e+00 -1.331234e+00 3.156671e-03 3.072808e-04 0.000000e+00 2.075926e-02 0.000000e+00 0.000000e+00 -5.939690e-02 -2.891340e-02 -9.114437e-02 -1.137781e-01 
6.220008e-02 4.665602e-02 0.000000e+00 1.139829e+00 0.000000e+00 0.000000e+00 -1.426034e+00 -1.502156e+00 -1.340249e+00 3.078172e-03 2.958389e-04 0.000000e+00 2.020119e-02 0.000000e+00 0.000000e+00 -5.817790e-02 -2.830473e-02 -8.915797e-02 -1.083168e-01 
6.250402e-02 4.668506e-02 0.000000e+00 1.141822e+00 0.000000e+00 0.000000e+00 -1.431791e+00 -1.504956e+00 -1.349066e+00 3.000797e-03 2.850238e-04 0.000000e+00 1.965497e-02 0.000000e+00 0.000000e+00 -5.696523e-02 -2.769984e-02 -8.717379e-02 -1.030577e-01 
6.280028e-02 4.671304e-02 0.000000e+00 1.143761e+00 0.000000e+00 0.000000e+00 -1.437428e+00 -1.507696e+00 -1.357684e+00 2.924474e-03 2.747832e-04 0.000000e+00 1.911978e-02 0.000000e+00 0.000000e+00 -5.575771e-02 -2.709793e-02 -8.519254e-02 -9.799123e-02 
6.308895e-02 4.674003e-02 0.000000e+00 1.145646e+00 0.000000e+00 0.000000e+00 -1.442943e+00 -1.510376e+00 -1.366104e+00 2.849133e-03 2.650660e-04 0.000000e+00 1.859484e-02 0.000000e+00 0.000000e+00 -5.455418e-02 -2.649825e-02 -8.321500e-02 -9.310845e-02 
6.337014e-02 4.676607e-02 0.000000e+00 1.147480e+00 0.000000e+00 0.000000e+00 -1.448338e+00 -1.512996e+00 -1.374327e+00 2.774701e-03 2.558232e-04 0.000000e+00 1.807939e-02 0.000000e+00 0.000000e+00 -5.335350e-02 -2.590008e-02 -8.124193e-02 -8.840097e-02 
6.364392e-02 4.679121e-02 0.000000e+00 1.149263e+00 0.000000e+00 0.000000e+00 -1.453614e+00 -1.515556e+00 -1.382353e+00 2.701110e-03 2.470073e-04 0.000000e+00 1.757270e-02 0.000000e+00 0.000000e+00 -5.215460e-02 -2.530276e-02 -7.927413e-02 -8.386106e-02 
6.391038e-02 4.681548e-02 0.000000e+00 1.150995e+00 0.000000e+00 0.000000e+00 -1.458769e+00 -1.518056e+00 -1.390182e+00 2.628293e-03 2.385730e-04 0.000000e+00 1.707407e-02 0.000000e+00 0.000000e+00 -5.095644e-02 -2.470568e-02 -7.731240e-02 -7.948164e-02 
6.416960e-02 4.683893e-02 0.000000e+00 1.152678e+00 0.000000e+00 0.000000e+00 -1.463805e+00 -1.520497e+00 -1.397816e+00 2.556188e-03 2.304771e-04 0.000000e+00 1.658286e-02 0.000000e+00 0.000000e+00 -4.975810e-02 -2.410832e-02 -7.535759e-02 -7.525631e-02 
6.442164e-02 4.686159e-02 0.000000e+00 1.154312e+00 0.000000e+00 0.000000e+00 -1.468721e+00 -1.522878e+00 -1.405254e+00 2.484737e-03 2.226788e-04 0.000000e+00 1.609847e-02 0.000000e+00 0.000000e+00 -4.855873e-02 -2.351024e-02 -7.341054e-02 -7.117932e-02 
6.466657e-02 4.688348e-02 0.000000e+00 1.155898e+00 0.000000e+00 0.000000e+00 -1.473517e+00 -1.525199e+00 -1.412498e+00 2.413888e-03 2.151398e-04 0.000000e+00 1.562035e-02 0.000000e+00 0.000000e+00 -4.735763e-02 -2.291107e-02 -7.147212e-02 -6.724557e-02 
6.490444e-02 4.690462e-02 0.000000e+00 1.157436e+00 0.000000e+00 0.000000e+00 -1.478192e+00 -1.527460e+00 -1.419549e+00 2.343595e-03 2.078243e-04 0.000000e+00 1.514800e-02 0.000000e+00 0.000000e+00 -4.615419e-02 -2.231056e-02 -6.954321e-02 -6.345058e-02 
6.513531e-02 4.692505e-02 0.000000e+00 1.158927e+00 0.000000e+00 0.000000e+00 -1.482748e+00 -1.529661e+00 -1.426407e+00 2.273819e-03 2.006994e-04 0.000000e+00 1.468100e-02 0.000000e+00 0.000000e+00 -4.494796e-02 -2.170854e-02 -6.762472e-02 -5.979045e-02 
6.535922e-02 4.694477e-02 0.000000e+00 1.160372e+00 0.000000e+00 0.000000e+00 -1.487182e+00 -1.531802e+00 -1.433074e+00 2.204528e-03 1.937351e-04 0.000000e+00 1.421898e-02 0.000000e+00 0.000000e+00 -4.373865e-02 -2.110494e-02 -6.571754e-02 -5.626183e-02 
6.557623e-02 4.696380e-02 0.000000e+00 1.161771e+00 0.000000e+00 0.000000e+00 -1.491495e+00 -1.533882e+00 -1.439551e+00 2.135699e-03 1.869040e-04 0.000000e+00 1.376161e-02 0.000000e+00 0.000000e+00 -4.252611e-02 -2.049981e-02 -6.382260e-02 -5.286188e-02 
6.578637e-02 4.698215e-02 0.000000e+00 1.163125e+00 0.000000e+00 0.000000e+00 -1.495687e+00 -1.535902e+00 -1.445839e+00 2.067317e-03 1.801821e-04 0.000000e+00 1.330867e-02 0.000000e+00 0.000000e+00 -4.131034e-02 -1.989328e-02 -6.194081e-02 -4.958821e-02 
6.598970e-02 4.699984e-02 0.000000e+00 1.164433e+00 0.000000e+00 0.000000e+00 -1.499757e+00 -1.537860e+00 -1.451939e+00 1.999372e-03 1.735481e-04 0.000000e+00 1.285996e-02 0.000000e+00 0.000000e+00 -4.009155e-02 -1.928556e-02 -6.007310e-02 -4.643880e-02 
6.618626e-02 4.701687e-02 0.000000e+00 1.165697e+00 0.000000e+00 0.000000e+00 -1.503705e+00 -1.539759e+00 -1.457854e+00 1.931867e-03 1.669840e-04 0.000000e+00 1.241536e-02 0.000000e+00 0.000000e+00 -3.887006e-02 -1.867698e-02 -5.822038e-02 -4.341200e-02 
6.637609e-02 4.703324e-02 0.000000e+00 1.166916e+00 0.000000e+00 0.000000e+00 -1.507531e+00 -1.541596e+00 -1.463584e+00 1.864809e-03 1.604747e-04 0.000000e+00 1.197483e-02 0.000000e+00 0.000000e+00 -3.764641e-02 -1.806795e-02 -5.638357e-02 -4.050640e-02 
6.655924e-02 4.704896e-02 0.000000e+00 1.168092e+00 0.000000e+00 0.000000e+00 -1.511234e+00 -1.543372e+00 -1.469131e+00 1.798215e-03 1.540081e-04 0.000000e+00 1.153835e-02 0.000000e+00 0.000000e+00 -3.642125e-02 -1.745894e-02 -5.456358e-02 -3.772080e-02 
6.673575e-02 4.706404e-02 0.000000e+00 1.169224e+00 0.000000e+00 0.000000e+00 -1.514815e+00 -1.545088e+00 -1.474497e+00 1.732109e-03 1.475754e-04 0.000000e+00 1.110599e-02 0.000000e+00 0.000000e+00 -3.519542e-02 -1.685050e-02 -5.276132e-02 -3.505418e-02 
6.690568e-02 4.707848e-02 0.000000e+00 1.170313e+00 0.000000e+00 0.000000e+00 -1.518274e+00 -1.546742e+00 -1.479684e+00 1.666520e-03 1.411702e-04 0.000000e+00 1.067785e-02 0.000000e+00 0.000000e+00 -3.396990e-02 -1.624327e-02 -5.097767e-02 -3.250556e-02 
6.706907e-02 4.709228e-02 0.000000e+00 1.171360e+00 0.000000e+00 0.000000e+00 -1.521609e+00 -1.548336e+00 -1.484694e+00 1.601487e-03 1.347892e-04 0.000000e+00 1.025410e-02 0.000000e+00 0.000000e+00 -3.274581e-02 -1.563789e-02 -4.921350e-02 -3.007401e-02 
6.722600e-02 4.710544e-02 0.000000e+00 1.172364e+00 0.000000e+00 0.000000e+00 -1.524823e+00 -1.549870e+00 -1.489528e+00 1.537052e-03 1.284318e-04 0.000000e+00 9.834941e-03 0.000000e+00 0.000000e+00 -3.152437e-02 -1.503509e-02 -4.746967e-02 -2.775856e-02 
6.737651e-02 4.711796e-02 0.000000e+00 1.173327e+00 0.000000e+00 0.000000e+00 -1.527914e+00 -1.551344e+00 -1.494188e+00 1.473265e-03 1.220997e-04 0.000000e+00 9.420618e-03 0.000000e+00 0.000000e+00 -3.030695e-02 -1.443561e-02 -4.574701e-02 -2.555818e-02 
6.752067e-02 4.712986e-02 0.000000e+00 1.174249e+00 0.000000e+00 0.000000e+00 -1.530884e+00 -1.552757e+00 -1.498678e+00 1.410176e-03 1.157971e-04 0.000000e+00 9.011411e-03 0.000000e+00 0.000000e+00 -2.909500e-02 -1.384023e-02 -4.404635e-02 -2.347169e-02 
6.765857e-02 4.714112e-02 0.000000e+00 1.175130e+00 0.000000e+00 0.000000e+00 -1.533734e+00 -1.554112e+00 -1.502998e+00 1.347845e-03 1.095301e-04 0.000000e+00 8.607631e-03 0.000000e+00 0.000000e+00 -2.789006e-02 -1.324974e-02 -4.236848e-02 -2.149777e-02 
6.779027e-02 4.715177e-02 0.000000e+00 1.175970e+00 0.000000e+00 0.000000e+00 -1.536463e+00 -1.555407e+00 -1.507152e+00 1.286329e-03 1.033071e-04 0.000000e+00 8.209614e-03 0.000000e+00 0.000000e+00 -2.669372e-02 -1.266493e-02 -4.071417e-02 -1.963487e-02 
6.791586e-02 4.716179e-02 0.000000e+00 1.176772e+00 0.000000e+00 0.000000e+00 -1.539073e+00 -1.556645e+00 -1.511142e+00 1.225691e-03 9.713771e-05 0.000000e+00 7.817714e-03 0.000000e+00 0.000000e+00 -2.550764e-02 -1.208660e-02 -3.908417e-02 -1.788126e-02 
6.803544e-02 4.717120e-02 0.000000e+00 1.177534e+00 0.000000e+00 0.000000e+00 -1.541565e+00 -1.557825e+00 -1.514970e+00 1.165993e-03 9.103328e-05 0.000000e+00 7.432299e-03 0.000000e+00 0.000000e+00 -2.433351e-02 -1.151554e-02 -3.747921e-02 -1.623493e-02 
6.814909e-02 4.718000e-02 0.000000e+00 1.178258e+00 0.000000e+00 0.000000e+00 -1.543940e+00 -1.558948e+00 -1.518639e+00 1.107300e-03 8.500619e-05 0.000000e+00 7.053745e-03 0.000000e+00 0.000000e+00 -2.317302e-02 -1.095249e-02 -3.589999e-02 -1.469364e-02 
6.825693e-02 4.718820e-02 0.000000e+00 1.178945e+00 0.000000e+00 0.000000e+00 -1.546200e+00 -1.560016e+00 -1.522151e+00 1.049674e-03 7.906971e-05 0.000000e+00 6.682429e-03 0.000000e+00 0.000000e+00 -2.202787e-02 -1.039821e-02 -3.434720e-02 -1.325489e-02 
6.835907e-02 4.719581e-02 0.000000e+00 1.179595e+00 0.000000e+00 0.000000e+00 -1.548346e+00 -1.561028e+00 -1.525509e+00 9.931791e-04 7.323775e-05 0.000000e+00 6.318726e-03 0.000000e+00 0.000000e+00 -2.089975e-02 -9.853405e-03 -3.282149e-02 -1.191593e-02 
6.845561e-02 4.720285e-02 0.000000e+00 1.180209e+00 0.000000e+00 0.000000e+00 -1.550380e+00 -1.561987e+00 -1.528716e+00 9.378743e-04 6.752454e-05 0.000000e+00 5.963003e-03 0.000000e+00 0.000000e+00 -1.979029e-02 -9.318742e-03 -3.132350e-02 -1.067374e-02 
6.854668e-02 4.720932e-02 0.000000e+00 1.180788e+00 0.000000e+00 0.000000e+00 -1.552305e+00 -1.562892e+00 -1.531775e+00 8.838182e-04 6.194439e-05 0.000000e+00 5.615615e-03 0.000000e+00 0.000000e+00 -1.870109e-02 -8.794852e-03 -2.985385e-02 -9.525089e-03 
6.863242e-02 4.721525e-02 0.000000e+00 1.181332e+00 0.000000e+00 0.000000e+00 -1.554121e+00 -1.563746e+00 -1.534688e+00 8.310659e-04 5.651142e-05 0.000000e+00 5.276899e-03 0.000000e+00 0.000000e+00 -1.763368e-02 -8.282320e-03 -2.841313e-02 -8.466526e-03 
6.871294e-02 4.722063e-02 0.000000e+00 1.181844e+00 0.000000e+00 0.000000e+00 -1.555832e+00 -1.564549e+00 -1.537458e+00 7.796689e-04 5.123929e-05 0.000000e+00 4.947169e-03 0.000000e+00 0.000000e+00 -1.658950e-02 -7.781682e-03 -2.700193e-02 -7.494406e-03 
6.878840e-02 4.722550e-02 0.000000e+00 1.182322e+00 0.000000e+00 0.000000e+00 -1.557440e+00 -1.565303e+00 -1.540089e+00 7.296743e-04 4.614100e-05 0.000000e+00 4.626718e-03 0.000000e+00 0.000000e+00 -1.556991e-02 -7.293427e-03 -2.562080e-02 -6.604921e-03 
6.885892e-02 4.722987e-02 0.000000e+00 1.182769e+00 0.000000e+00 0.000000e+00 -1.558947e+00 -1.566008e+00 -1.542583e+00 6.811251e-04 4.122864e-05 0.000000e+00 4.315807e-03 0.000000e+00 0.000000e+00 -1.457618e-02 -6.817987e-03 -2.427030e-02 -5.794125e-03 
6.892467e-02 4.723375e-02 0.000000e+00 1.183186e+00 0.000000e+00 0.000000e+00 -1.560356e+00 -1.566667e+00 -1.544944e+00 6.340591e-04 3.651322e-05 0.000000e+00 4.014671e-03 0.000000e+00 0.000000e+00 -1.360945e-02 -6.355745e-03 -2.295096e-02 -5.057968e-03 
6.898579e-02 4.723718e-02 0.000000e+00 1.183573e+00 0.000000e+00 0.000000e+00 -1.561670e+00 -1.567280e+00 -1.547175e+00 5.885091e-04 3.200449e-05 0.000000e+00 3.723508e-03 0.000000e+00 0.000000e+00 -1.267075e-02 -5.907033e-03 -2.166330e-02 -4.392326e-03 
6.904242e-02 4.724016e-02 0.000000e+00 1.183931e+00 0.000000e+00 0.000000e+00 -1.562891e+00 -1.567849e+00 -1.549278e+00 5.445023e-04 2.771076e-05 0.000000e+00 3.442486e-03 0.000000e+00 0.000000e+00 -1.176101e-02 -5.472130e-03 -2.040783e-02 -3.793033e-03 
6.909474e-02 4.724272e-02 0.000000e+00 1.184261e+00 0.000000e+00 0.000000e+00 -1.564023e+00 -1.568375e+00 -1.551257e+00 5.020609e-04 2.363881e-05 0.000000e+00 3.171734e-03 0.000000e+00 0.000000e+00 -1.088100e-02 -5.051266e-03 -1.918504e-02 -3.255913e-03 
6.914289e-02 4.724489e-02 0.000000e+00 1.184565e+00 0.000000e+00 0.000000e+00 -1.565068e+00 -1.568860e+00 -1.553116e+00 4.612011e-04 1.979378e-05 0.000000e+00 2.911348e-03 0.000000e+00 0.000000e+00 -1.003138e-02 -4.644625e-03 -1.799543e-02 -2.776809e-03 
6.918703e-02 4.724669e-02 0.000000e+00 1.184844e+00 0.000000e+00 0.000000e+00 -1.566030e+00 -1.569304e+00 -1.554857e+00 4.219342e-04 1.617915e-05 0.000000e+00 2.661389e-03 0.000000e+00 0.000000e+00 -9.212704e-03 -4.252344e-03 -1.683947e-02 -2.351614e-03 
6.922733e-02 4.724814e-02 0.000000e+00 1.185098e+00 0.000000e+00 0.000000e+00 -1.566912e+00 -1.569710e+00 -1.556485e+00 3.842657e-04 1.279665e-05 0.000000e+00 2.421881e-03 0.000000e+00 0.000000e+00 -8.425365e-03 -3.874515e-03 -1.571763e-02 -1.976293e-03 
6.926394e-02 4.724926e-02 0.000000e+00 1.185329e+00 0.000000e+00 0.000000e+00 -1.567716e+00 -1.570080e+00 -1.558002e+00 3.481964e-04 9.646290e-06 0.000000e+00 2.192814e-03 0.000000e+00 0.000000e+00 -7.669655e-03 -3.511194e-03 -1.463037e-02 -1.646914e-03 
6.929702e-02 4.725007e-02 0.000000e+00 1.185537e+00 0.000000e+00 0.000000e+00 -1.568447e+00 -1.570413e+00 -1.559412e+00 3.137218e-04 6.726377e-06 0.000000e+00 1.974148e-03 0.000000e+00 0.000000e+00 -6.945742e-03 -3.162397e-03 -1.357815e-02 -1.359662e-03 
6.932674e-02 4.725061e-02 0.000000e+00 1.185724e+00 0.000000e+00 0.000000e+00 -1.569107e+00 -1.570713e+00 -1.560719e+00 2.808331e-04 4.033580e-06 0.000000e+00 1.765811e-03 0.000000e+00 0.000000e+00 -6.253686e-03 -2.828108e-03 -1.256141e-02 -1.110859e-03 
6.935324e-02 4.725089e-02 0.000000e+00 1.185890e+00 0.000000e+00 0.000000e+00 -1.569699e+00 -1.570979e+00 -1.561926e+00 2.495172e-04 1.562998e-06 0.000000e+00 1.567701e-03 0.000000e+00 0.000000e+00 -5.593440e-03 -2.508280e-03 -1.158058e-02 -8.969828e-04 
6.937669e-02 4.725093e-02 0.000000e+00 1.186038e+00 0.000000e+00 0.000000e+00 -1.570226e+00 -1.571215e+00 -1.563036e+00 2.197573e-04 -6.917309e-07 0.000000e+00 1.379692e-03 0.000000e+00 0.000000e+00 -4.964861e-03 -2.202840e-03 -1.063611e-02 -7.146743e-04 
6.939724e-02 4.725076e-02 0.000000e+00 1.186167e+00 0.000000e+00 0.000000e+00 -1.570693e+00 -1.571420e+00 -1.564054e+00 1.915328e-04 -2.738304e-06 0.000000e+00 1.201636e-03 0.000000e+00 0.000000e+00 -4.367719e-03 -1.911693e-03 -9.728403e-03 -5.607490e-04 
6.941505e-02 4.725039e-02 0.000000e+00 1.186278e+00 0.000000e+00 0.000000e+00 -1.571101e+00 -1.571598e+00 -1.564983e+00 1.648207e-04 -4.585627e-06 0.000000e+00 1.033362e-03 0.000000e+00 0.000000e+00 -3.801706e-03 -1.634723e-03 -8.857875e-03 -4.322022e-04 
6.943026e-02 4.724985e-02 0.000000e+00 1.186374e+00 0.000000e+00 0.000000e+00 -1.571454e+00 -1.571748e+00 -1.565827e+00 1.395953e-04 -6.243653e-06 0.000000e+00 8.746843e-04 0.000000e+00 0.000000e+00 -3.266447e-03 -1.371802e-03 -8.024920e-03 -3.262131e-04 
6.944302e-02 4.724915e-02 0.000000e+00 1.186454e+00 0.000000e+00 0.000000e+00 -1.571755e+00 -1.571872e+00 -1.566589e+00 1.158290e-04 -7.723196e-06 0.000000e+00 7.254041e-04 0.000000e+00 0.000000e+00 -2.761510e-03 -1.122790e-03 -7.229923e-03 -2.401452e-04 
6.945347e-02 4.724831e-02 0.000000e+00 1.186519e+00 0.000000e+00 0.000000e+00 -1.572007e+00 -1.571973e+00 -1.567274e+00 9.349261e-05 -9.035744e-06 0.000000e+00 5.853118e-04 0.000000e+00 0.000000e+00 -2.286417e-03 -8.875362e-04 -6.473256e-03 -1.715456e-04 
6.946176e-02 4.724735e-02 0.000000e+00 1.186571e+00 0.000000e+00 0.000000e+00 -1.572214e+00 -1.572050e+00 -1.567885e+00 7.255627e-05 -1.019327e-05 0.000000e+00 4.541916e-04 0.000000e+00 0.000000e+00 -1.840660e-03 -6.658842e-04 -5.755284e-03 -1.181423e-04 
6.946803e-02 4.724627e-02 0.000000e+00 1.186610e+00 0.000000e+00 0.000000e+00 -1.572377e+00 -1.572106e+00 -1.568427e+00 5.298950e-05 -1.120806e-05 0.000000e+00 3.318248e-04 0.000000e+00 0.000000e+00 -1.423702e-03 -4.576755e-04 -5.076355e-03 -7.783901e-05 
6.947240e-02 4.724511e-02 0.000000e+00 1.186638e+00 0.000000e+00 0.000000e+00 -1.572499e+00 -1.572142e+00 -1.568902e+00 3.476193e-05 -1.209248e-05 0.000000e+00 2.179931e-04 0.000000e+00 0.000000e+00 -1.034999e-03 -2.627517e-04 -4.436804e-03 -4.870983e-05 
6.947502e-02 4.724386e-02 0.000000e+00 1.186654e+00 0.000000e+00 0.000000e+00 -1.572584e+00 -1.572159e+00 -1.569315e+00 1.784366e-05 -1.285887e-05 0.000000e+00 1.124815e-04 0.000000e+00 0.000000e+00 -6.740011e-04 -8.095817e-05 -3.836947e-03 -2.899242e-05 
6.947602e-02 4.724254e-02 0.000000e+00 1.186660e+00 0.000000e+00 0.000000e+00 -1.572635e+00 -1.572159e+00 -1.569671e+00 2.205771e-06 -1.351926e-05 0.000000e+00 1.508171e-05 0.000000e+00 0.000000e+00 -3.401694e-04 8.785420e-05 -3.277087e-03 -1.708057e-05 
6.947551e-02 4.724116e-02 0.000000e+00 1.186657e+00 0.000000e+00 0.000000e+00 -1.572653e+00 -1.572142e+00 -1.569972e+00 -1.217934e-05 -1.408531e-05 0.000000e+00 -7.440502e-05 0.000000e+00 0.000000e+00 -3.298039e-05 2.438261e-04 -2.757507e-03 -1.151638e-05 
6.947362e-02 4.723973e-02 0.000000e+00 1.186646e+00 0.000000e+00 0.000000e+00 -1.572642e+00 -1.572111e+00 -1.570224e+00 -2.533755e-05 -1.456804e-05 0.000000e+00 -1.561655e-04 0.000000e+00 0.000000e+00 2.480632e-04 3.870880e-04 -2.278469e-03 -1.098240e-05 
6.947048e-02 4.723825e-02 0.000000e+00 1.186626e+00 0.000000e+00 0.000000e+00 -1.572605e+00 -1.572065e+00 -1.570429e+00 -3.729267e-05 -1.497778e-05 0.000000e+00 -2.303721e-04 0.000000e+00 0.000000e+00 5.034251e-04 5.177581e-04 -1.840220e-03 -1.429370e-05 
6.946620e-02 4.723673e-02 0.000000e+00 1.186600e+00 0.000000e+00 0.000000e+00 -1.572543e+00 -1.572007e+00 -1.570593e+00 -4.806621e-05 -1.532398e-05 0.000000e+00 -2.971806e-04 0.000000e+00 0.000000e+00 7.335287e-04 6.359408e-04 -1.442983e-03 -2.039043e-05 
6.946090e-02 4.723518e-02 0.000000e+00 1.186567e+00 0.000000e+00 0.000000e+00 -1.572459e+00 -1.571938e+00 -1.570719e+00 -5.767706e-05 -1.561511e-05 0.000000e+00 -3.567287e-04 0.000000e+00 0.000000e+00 9.387512e-04 7.417251e-04 -1.086961e-03 -2.833062e-05 
6.945470e-02 4.723361e-02 0.000000e+00 1.186529e+00 0.000000e+00 0.000000e+00 -1.572356e+00 -1.571860e+00 -1.570812e+00 -6.614136e-05 -1.585858e-05 0.000000e+00 -4.091343e-04 0.000000e+00 0.000000e+00 1.119419e-03 8.351835e-04 -7.723367e-04 -3.728384e-05 
6.944771e-02 4.723201e-02 0.000000e+00 1.186486e+00 0.000000e+00 0.000000e+00 -1.572236e+00 -1.571772e+00 -1.570875e+00 -7.347233e-05 -1.606066e-05 0.000000e+00 -4.544946e-04 0.000000e+00 0.000000e+00 1.275802e-03 9.163710e-04 -4.992691e-04 -4.652544e-05 
6.944005e-02 4.723040e-02 0.000000e+00 1.186438e+00 0.000000e+00 0.000000e+00 -1.572101e+00 -1.571677e+00 -1.570913e+00 -7.968014e-05 -1.622641e-05 0.000000e+00 -4.928851e-04 0.000000e+00 0.000000e+00 1.408115e-03 9.853250e-04 -2.678966e-04 -5.543166e-05 
6.943182e-02 4.722877e-02 0.000000e+00 1.186387e+00 0.000000e+00 0.000000e+00 -1.571955e+00 -1.571575e+00 -1.570930e+00 -8.477191e-05 -1.635963e-05 0.000000e+00 -5.243596e-04 0.000000e+00 0.000000e+00 1.516510e-03 1.042065e-03 -7.833848e-05 -6.347576e-05 
6.942313e-02 4.722713e-02 0.000000e+00 1.186334e+00 0.000000e+00 0.000000e+00 -1.571799e+00 -1.571469e+00 -1.570930e+00 -8.875169e-05 -1.646285e-05 0.000000e+00 -5.489494e-04 0.000000e+00 0.000000e+00 1.601077e-03 1.086595e-03 6.930007e-05 -7.022499e-05 
6.941410e-02 4.722548e-02 0.000000e+00 1.186278e+00 0.000000e+00 0.000000e+00 -1.571635e+00 -1.571358e+00 -1.570917e+00 -9.162051e-05 -1.653735e-05 0.000000e+00 -5.666642e-04 0.000000e+00 0.000000e+00 1.661850e-03 1.118900e-03 1.749389e-04 -7.533862e-05 
6.940484e-02 4.722382e-02 0.000000e+00 1.186220e+00 0.000000e+00 0.000000e+00 -1.571467e+00 -1.571245e+00 -1.570896e+00 -9.337628e-05 -1.658327e-05 0.000000e+00 -5.774931e-04 0.000000e+00 0.000000e+00 1.698802e-03 1.138936e-03 2.385465e-04 -7.856699e-05 
6.939546e-02 4.722216e-02 0.000000e+00 1.186162e+00 0.000000e+00 0.000000e+00 -1.571296e+00 -1.571131e+00 -1.570871e+00 -9.401411e-05 -1.659954e-05 0.000000e+00 -5.814045e-04 0.000000e+00 0.000000e+00 1.711854e-03 1.146643e-03 2.601130e-04 -7.975148e-05 
